timeStep,cellCode,xCell,yCell,resource1amount,resource2amount,prey1,prey2,prey1catches,prey2catches,predator1
0,0,0,0,50,50,1,0,0,0,0
0,1,0,1,50,50,0,0,0,0,0
0,2,0,2,50,50,0,0,0,0,0
0,3,0,3,50,50,1,0,0,0,0
0,4,0,4,50,50,0,1,0,0,0
0,5,0,5,50,50,0,0,0,0,0
0,6,0,6,50,50,0,0,0,0,0
0,7,0,7,50,50,0,0,0,0,0
0,8,0,8,50,50,2,0,0,0,0
0,9,0,9,50,50,0,0,0,0,0
0,10,0,10,50,50,2,0,0,0,0
0,11,0,11,50,50,0,0,0,0,0
0,12,0,12,50,50,0,0,0,0,0
0,13,0,13,50,50,0,0,0,0,0
0,14,0,14,50,50,1,0,0,0,0
0,15,0,15,50,50,1,1,0,0,0
0,16,0,16,50,50,0,0,0,0,0
0,17,0,17,50,50,0,0,0,0,0
0,18,0,18,50,50,0,2,0,0,0
0,19,0,19,50,50,0,0,0,0,0
0,20,0,20,50,50,1,0,0,0,0
0,21,0,21,50,50,0,0,0,0,0
0,22,0,22,50,50,0,1,0,0,0
0,23,0,23,50,50,0,1,0,0,0
0,24,0,24,50,50,1,0,0,0,0
0,25,1,0,50,50,0,0,0,0,0
0,26,1,1,50,50,0,2,0,0,0
0,27,1,2,50,50,0,0,0,0,0
0,28,1,3,50,50,0,1,0,0,0
0,29,1,4,50,50,0,0,0,0,0
0,30,1,5,50,50,3,0,0,0,0
0,31,1,6,50,50,1,0,0,0,0
0,32,1,7,50,50,2,1,0,0,0
0,33,1,8,50,50,1,0,0,0,0
0,34,1,9,50,50,0,0,0,0,0
0,35,1,10,50,50,1,0,0,0,0
0,36,1,11,50,50,1,0,0,0,0
0,37,1,12,50,50,1,0,0,0,0
0,38,1,13,50,50,1,0,0,0,0
0,39,1,14,50,50,0,0,0,0,0
0,40,1,15,50,50,0,0,0,0,0
0,41,1,16,50,50,0,0,0,0,0
0,42,1,17,50,50,0,1,0,0,0
0,43,1,18,50,50,1,0,0,0,0
0,44,1,19,50,50,0,0,0,0,0
0,45,1,20,50,50,0,2,0,0,0
0,46,1,21,50,50,0,0,0,0,0
0,47,1,22,50,50,1,0,0,0,0
0,48,1,23,50,50,0,0,0,0,0
0,49,1,24,50,50,0,0,0,0,0
0,50,2,0,50,50,0,0,0,0,0
0,51,2,1,50,50,0,0,0,0,0
0,52,2,2,50,50,1,1,0,0,0
0,53,2,3,50,50,1,2,0,0,0
0,54,2,4,50,50,1,0,0,0,0
0,55,2,5,50,50,1,1,0,0,0
0,56,2,6,50,50,0,0,0,0,0
0,57,2,7,50,50,0,0,0,0,0
0,58,2,8,50,50,1,0,0,0,0
0,59,2,9,50,50,0,1,0,0,0
0,60,2,10,50,50,0,1,0,0,0
0,61,2,11,50,50,0,0,0,0,0
0,62,2,12,50,50,1,0,0,0,0
0,63,2,13,50,50,0,0,0,0,0
0,64,2,14,50,50,1,0,0,0,0
0,65,2,15,50,50,1,0,0,0,0
0,66,2,16,50,50,1,0,0,0,0
0,67,2,17,50,50,0,0,0,0,0
0,68,2,18,50,50,1,0,0,0,0
0,69,2,19,50,50,1,0,0,0,0
0,70,2,20,50,50,0,0,0,0,0
0,71,2,21,50,50,2,0,0,0,0
0,72,2,22,50,50,1,0,0,0,0
0,73,2,23,50,50,0,1,0,0,0
0,74,2,24,50,50,0,0,0,0,0
0,75,3,0,50,50,0,1,0,0,0
0,76,3,1,50,50,0,0,0,0,0
0,77,3,2,50,50,0,0,0,0,0
0,78,3,3,50,50,1,1,0,0,0
0,79,3,4,50,50,0,0,0,0,0
0,80,3,5,50,50,0,0,0,0,0
0,81,3,6,50,50,0,3,0,0,0
0,82,3,7,50,50,0,0,0,0,0
0,83,3,8,50,50,0,0,0,0,0
0,84,3,9,50,50,0,0,0,0,0
0,85,3,10,50,50,0,0,0,0,0
0,86,3,11,50,50,0,0,0,0,0
0,87,3,12,50,50,1,0,0,0,0
0,88,3,13,50,50,0,0,0,0,0
0,89,3,14,50,50,0,0,0,0,0
0,90,3,15,50,50,0,0,0,0,0
0,91,3,16,50,50,0,0,0,0,0
0,92,3,17,50,50,1,0,0,0,0
0,93,3,18,50,50,0,1,0,0,0
0,94,3,19,50,50,1,2,0,0,0
0,95,3,20,50,50,0,0,0,0,0
0,96,3,21,50,50,1,1,0,0,0
0,97,3,22,50,50,1,0,0,0,0
0,98,3,23,50,50,1,0,0,0,0
0,99,3,24,50,50,0,0,0,0,0
0,100,4,0,50,50,0,0,0,0,0
0,101,4,1,50,50,0,0,0,0,0
0,102,4,2,50,50,0,0,0,0,0
0,103,4,3,50,50,0,0,0,0,0
0,104,4,4,50,50,0,0,0,0,0
0,105,4,5,50,50,0,0,0,0,0
0,106,4,6,50,50,0,0,0,0,0
0,107,4,7,50,50,0,0,0,0,0
0,108,4,8,50,50,1,1,0,0,0
0,109,4,9,50,50,0,0,0,0,0
0,110,4,10,50,50,0,0,0,0,0
0,111,4,11,50,50,0,1,0,0,0
0,112,4,12,50,50,0,0,0,0,0
0,113,4,13,50,50,2,1,0,0,0
0,114,4,14,50,50,0,0,0,0,0
0,115,4,15,50,50,0,0,0,0,0
0,116,4,16,50,50,0,1,0,0,0
0,117,4,17,50,50,0,0,0,0,0
0,118,4,18,50,50,0,0,0,0,0
0,119,4,19,50,50,1,1,0,0,0
0,120,4,20,50,50,0,0,0,0,0
0,121,4,21,50,50,0,0,0,0,0
0,122,4,22,50,50,0,0,0,0,0
0,123,4,23,50,50,0,0,0,0,0
0,124,4,24,50,50,0,0,0,0,0
0,125,5,0,50,50,1,0,0,0,0
0,126,5,1,50,50,0,0,0,0,0
0,127,5,2,50,50,1,0,0,0,0
0,128,5,3,50,50,1,0,0,0,0
0,129,5,4,50,50,0,0,0,0,0
0,130,5,5,50,50,1,0,0,0,0
0,131,5,6,50,50,0,1,0,0,0
0,132,5,7,50,50,1,0,0,0,0
0,133,5,8,50,50,0,0,0,0,0
0,134,5,9,50,50,2,0,0,0,0
0,135,5,10,50,50,0,0,0,0,0
0,136,5,11,50,50,0,0,0,0,0
0,137,5,12,50,50,2,0,0,0,0
0,138,5,13,50,50,2,0,0,0,0
0,139,5,14,50,50,1,1,0,0,0
0,140,5,15,50,50,0,2,0,0,0
0,141,5,16,50,50,0,1,0,0,0
0,142,5,17,50,50,1,0,0,0,0
0,143,5,18,50,50,0,0,0,0,0
0,144,5,19,50,50,0,0,0,0,0
0,145,5,20,50,50,2,1,0,0,0
0,146,5,21,50,50,0,0,0,0,0
0,147,5,22,50,50,1,0,0,0,0
0,148,5,23,50,50,1,0,0,0,0
0,149,5,24,50,50,0,0,0,0,0
0,150,6,0,50,50,0,1,0,0,0
0,151,6,1,50,50,0,1,0,0,0
0,152,6,2,50,50,1,0,0,0,0
0,153,6,3,50,50,0,0,0,0,0
0,154,6,4,50,50,1,0,0,0,0
0,155,6,5,50,50,0,0,0,0,0
0,156,6,6,50,50,1,0,0,0,0
0,157,6,7,50,50,0,0,0,0,0
0,158,6,8,50,50,1,0,0,0,0
0,159,6,9,50,50,1,0,0,0,0
0,160,6,10,50,50,0,0,0,0,0
0,161,6,11,50,50,0,0,0,0,0
0,162,6,12,50,50,0,0,0,0,0
0,163,6,13,50,50,0,1,0,0,0
0,164,6,14,50,50,0,0,0,0,0
0,165,6,15,50,50,2,1,0,0,0
0,166,6,16,50,50,0,2,0,0,0
0,167,6,17,50,50,0,0,0,0,0
0,168,6,18,50,50,0,2,0,0,0
0,169,6,19,50,50,0,0,0,0,0
0,170,6,20,50,50,1,0,0,0,0
0,171,6,21,50,50,0,0,0,0,0
0,172,6,22,50,50,1,0,0,0,0
0,173,6,23,50,50,0,0,0,0,0
0,174,6,24,50,50,0,1,0,0,0
0,175,7,0,50,50,0,0,0,0,0
0,176,7,1,50,50,1,0,0,0,0
0,177,7,2,50,50,0,1,0,0,0
0,178,7,3,50,50,0,1,0,0,0
0,179,7,4,50,50,0,1,0,0,0
0,180,7,5,50,50,2,0,0,0,0
0,181,7,6,50,50,0,0,0,0,0
0,182,7,7,50,50,0,0,0,0,0
0,183,7,8,50,50,1,0,0,0,0
0,184,7,9,50,50,0,0,0,0,0
0,185,7,10,50,50,0,0,0,0,0
0,186,7,11,50,50,0,0,0,0,0
0,187,7,12,50,50,0,3,0,0,0
0,188,7,13,50,50,0,0,0,0,0
0,189,7,14,50,50,0,0,0,0,0
0,190,7,15,50,50,0,0,0,0,0
0,191,7,16,50,50,0,0,0,0,0
0,192,7,17,50,50,0,4,0,0,0
0,193,7,18,50,50,1,0,0,0,0
0,194,7,19,50,50,1,0,0,0,0
0,195,7,20,50,50,0,0,0,0,0
0,196,7,21,50,50,0,1,0,0,0
0,197,7,22,50,50,0,0,0,0,0
0,198,7,23,50,50,0,1,0,0,0
0,199,7,24,50,50,0,2,0,0,0
0,200,8,0,50,50,0,2,0,0,0
0,201,8,1,50,50,1,0,0,0,0
0,202,8,2,50,50,0,0,0,0,0
0,203,8,3,50,50,1,1,0,0,0
0,204,8,4,50,50,0,1,0,0,0
0,205,8,5,50,50,0,0,0,0,0
0,206,8,6,50,50,2,1,0,0,0
0,207,8,7,50,50,0,0,0,0,0
0,208,8,8,50,50,0,0,0,0,0
0,209,8,9,50,50,1,0,0,0,0
0,210,8,10,50,50,1,0,0,0,0
0,211,8,11,50,50,0,0,0,0,0
0,212,8,12,50,50,0,0,0,0,0
0,213,8,13,50,50,0,0,0,0,0
0,214,8,14,50,50,1,0,0,0,0
0,215,8,15,50,50,0,0,0,0,0
0,216,8,16,50,50,0,0,0,0,0
0,217,8,17,50,50,0,0,0,0,0
0,218,8,18,50,50,1,0,0,0,0
0,219,8,19,50,50,0,0,0,0,0
0,220,8,20,50,50,0,1,0,0,0
0,221,8,21,50,50,1,1,0,0,0
0,222,8,22,50,50,1,1,0,0,0
0,223,8,23,50,50,0,0,0,0,0
0,224,8,24,50,50,1,0,0,0,0
0,225,9,0,50,50,1,0,0,0,0
0,226,9,1,50,50,0,0,0,0,0
0,227,9,2,50,50,0,0,0,0,0
0,228,9,3,50,50,0,0,0,0,0
0,229,9,4,50,50,0,0,0,0,0
0,230,9,5,50,50,0,0,0,0,0
0,231,9,6,50,50,0,1,0,0,0
0,232,9,7,50,50,1,1,0,0,0
0,233,9,8,50,50,1,1,0,0,0
0,234,9,9,50,50,1,0,0,0,0
0,235,9,10,50,50,0,0,0,0,0
0,236,9,11,50,50,1,0,0,0,0
0,237,9,12,50,50,0,1,0,0,0
0,238,9,13,50,50,0,2,0,0,0
0,239,9,14,50,50,0,0,0,0,0
0,240,9,15,50,50,0,0,0,0,0
0,241,9,16,50,50,0,2,0,0,0
0,242,9,17,50,50,0,0,0,0,0
0,243,9,18,50,50,0,4,0,0,0
0,244,9,19,50,50,0,0,0,0,0
0,245,9,20,50,50,0,0,0,0,0
0,246,9,21,50,50,0,1,0,0,0
0,247,9,22,50,50,0,2,0,0,0
0,248,9,23,50,50,0,0,0,0,0
0,249,9,24,50,50,3,0,0,0,0
0,250,10,0,50,50,1,0,0,0,0
0,251,10,1,50,50,0,0,0,0,0
0,252,10,2,50,50,0,0,0,0,0
0,253,10,3,50,50,1,1,0,0,0
0,254,10,4,50,50,0,1,0,0,0
0,255,10,5,50,50,0,1,0,0,0
0,256,10,6,50,50,0,0,0,0,0
0,257,10,7,50,50,0,0,0,0,0
0,258,10,8,50,50,0,0,0,0,0
0,259,10,9,50,50,1,0,0,0,0
0,260,10,10,50,50,1,0,0,0,0
0,261,10,11,50,50,1,1,0,0,0
0,262,10,12,50,50,0,0,0,0,0
0,263,10,13,50,50,0,1,0,0,0
0,264,10,14,50,50,1,1,0,0,0
0,265,10,15,50,50,1,2,0,0,0
0,266,10,16,50,50,0,1,0,0,0
0,267,10,17,50,50,0,0,0,0,0
0,268,10,18,50,50,0,1,0,0,0
0,269,10,19,50,50,2,0,0,0,0
0,270,10,20,50,50,2,0,0,0,0
0,271,10,21,50,50,2,0,0,0,0
0,272,10,22,50,50,0,1,0,0,0
0,273,10,23,50,50,0,0,0,0,0
0,274,10,24,50,50,0,0,0,0,0
0,275,11,0,50,50,0,0,0,0,0
0,276,11,1,50,50,0,0,0,0,0
0,277,11,2,50,50,0,1,0,0,0
0,278,11,3,50,50,0,0,0,0,0
0,279,11,4,50,50,1,0,0,0,0
0,280,11,5,50,50,0,1,0,0,0
0,281,11,6,50,50,1,2,0,0,0
0,282,11,7,50,50,0,0,0,0,0
0,283,11,8,50,50,0,0,0,0,0
0,284,11,9,50,50,1,1,0,0,0
0,285,11,10,50,50,0,0,0,0,0
0,286,11,11,50,50,0,1,0,0,0
0,287,11,12,50,50,0,0,0,0,0
0,288,11,13,50,50,0,1,0,0,0
0,289,11,14,50,50,1,0,0,0,0
0,290,11,15,50,50,0,2,0,0,0
0,291,11,16,50,50,0,0,0,0,0
0,292,11,17,50,50,0,0,0,0,0
0,293,11,18,50,50,1,0,0,0,0
0,294,11,19,50,50,0,0,0,0,0
0,295,11,20,50,50,1,0,0,0,0
0,296,11,21,50,50,0,0,0,0,0
0,297,11,22,50,50,0,0,0,0,0
0,298,11,23,50,50,0,0,0,0,0
0,299,11,24,50,50,0,1,0,0,0
0,300,12,0,50,50,0,2,0,0,0
0,301,12,1,50,50,0,1,0,0,0
0,302,12,2,50,50,0,0,0,0,0
0,303,12,3,50,50,1,2,0,0,0
0,304,12,4,50,50,0,0,0,0,0
0,305,12,5,50,50,0,0,0,0,0
0,306,12,6,50,50,0,1,0,0,0
0,307,12,7,50,50,1,0,0,0,0
0,308,12,8,50,50,2,0,0,0,0
0,309,12,9,50,50,1,1,0,0,0
0,310,12,10,50,50,0,1,0,0,0
0,311,12,11,50,50,1,0,0,0,0
0,312,12,12,50,50,1,0,0,0,0
0,313,12,13,50,50,0,0,0,0,0
0,314,12,14,50,50,0,1,0,0,0
0,315,12,15,50,50,0,3,0,0,0
0,316,12,16,50,50,1,0,0,0,0
0,317,12,17,50,50,0,3,0,0,0
0,318,12,18,50,50,0,1,0,0,0
0,319,12,19,50,50,0,0,0,0,0
0,320,12,20,50,50,1,1,0,0,0
0,321,12,21,50,50,0,0,0,0,0
0,322,12,22,50,50,1,1,0,0,0
0,323,12,23,50,50,0,0,0,0,0
0,324,12,24,50,50,2,0,0,0,0
0,325,13,0,50,50,0,0,0,0,0
0,326,13,1,50,50,1,1,0,0,0
0,327,13,2,50,50,0,0,0,0,0
0,328,13,3,50,50,1,0,0,0,0
0,329,13,4,50,50,0,3,0,0,0
0,330,13,5,50,50,1,0,0,0,0
0,331,13,6,50,50,0,0,0,0,0
0,332,13,7,50,50,0,0,0,0,0
0,333,13,8,50,50,0,1,0,0,0
0,334,13,9,50,50,0,1,0,0,0
0,335,13,10,50,50,3,0,0,0,0
0,336,13,11,50,50,1,1,0,0,0
0,337,13,12,50,50,0,0,0,0,0
0,338,13,13,50,50,2,0,0,0,0
0,339,13,14,50,50,0,0,0,0,0
0,340,13,15,50,50,0,0,0,0,0
0,341,13,16,50,50,0,1,0,0,0
0,342,13,17,50,50,1,1,0,0,0
0,343,13,18,50,50,1,1,0,0,0
0,344,13,19,50,50,1,1,0,0,0
0,345,13,20,50,50,1,0,0,0,0
0,346,13,21,50,50,0,1,0,0,0
0,347,13,22,50,50,0,0,0,0,0
0,348,13,23,50,50,1,0,0,0,0
0,349,13,24,50,50,0,1,0,0,0
0,350,14,0,50,50,1,1,0,0,0
0,351,14,1,50,50,0,0,0,0,0
0,352,14,2,50,50,0,0,0,0,0
0,353,14,3,50,50,0,0,0,0,0
0,354,14,4,50,50,0,0,0,0,0
0,355,14,5,50,50,1,2,0,0,0
0,356,14,6,50,50,2,1,0,0,0
0,357,14,7,50,50,2,0,0,0,0
0,358,14,8,50,50,1,0,0,0,0
0,359,14,9,50,50,1,1,0,0,0
0,360,14,10,50,50,0,0,0,0,0
0,361,14,11,50,50,0,0,0,0,0
0,362,14,12,50,50,0,0,0,0,0
0,363,14,13,50,50,0,0,0,0,0
0,364,14,14,50,50,0,2,0,0,0
0,365,14,15,50,50,0,1,0,0,0
0,366,14,16,50,50,0,0,0,0,0
0,367,14,17,50,50,0,1,0,0,0
0,368,14,18,50,50,1,1,0,0,0
0,369,14,19,50,50,1,0,0,0,0
0,370,14,20,50,50,0,1,0,0,0
0,371,14,21,50,50,0,0,0,0,0
0,372,14,22,50,50,0,1,0,0,0
0,373,14,23,50,50,2,0,0,0,0
0,374,14,24,50,50,0,2,0,0,0
0,375,15,0,50,50,0,0,0,0,0
0,376,15,1,50,50,0,0,0,0,0
0,377,15,2,50,50,0,0,0,0,0
0,378,15,3,50,50,0,0,0,0,0
0,379,15,4,50,50,0,0,0,0,0
0,380,15,5,50,50,1,1,0,0,0
0,381,15,6,50,50,0,0,0,0,0
0,382,15,7,50,50,0,0,0,0,0
0,383,15,8,50,50,0,0,0,0,0
0,384,15,9,50,50,0,0,0,0,0
0,385,15,10,50,50,1,0,0,0,0
0,386,15,11,50,50,0,0,0,0,0
0,387,15,12,50,50,1,2,0,0,0
0,388,15,13,50,50,0,1,0,0,0
0,389,15,14,50,50,1,0,0,0,0
0,390,15,15,50,50,0,2,0,0,0
0,391,15,16,50,50,0,1,0,0,0
0,392,15,17,50,50,1,0,0,0,0
0,393,15,18,50,50,1,2,0,0,0
0,394,15,19,50,50,0,2,0,0,0
0,395,15,20,50,50,2,0,0,0,0
0,396,15,21,50,50,0,0,0,0,0
0,397,15,22,50,50,0,0,0,0,0
0,398,15,23,50,50,0,0,0,0,0
0,399,15,24,50,50,0,1,0,0,0
0,400,16,0,50,50,0,0,0,0,0
0,401,16,1,50,50,0,2,0,0,0
0,402,16,2,50,50,0,1,0,0,0
0,403,16,3,50,50,1,0,0,0,0
0,404,16,4,50,50,0,0,0,0,0
0,405,16,5,50,50,1,0,0,0,0
0,406,16,6,50,50,0,1,0,0,0
0,407,16,7,50,50,0,0,0,0,0
0,408,16,8,50,50,1,2,0,0,0
0,409,16,9,50,50,1,1,0,0,0
0,410,16,10,50,50,0,1,0,0,0
0,411,16,11,50,50,0,1,0,0,0
0,412,16,12,50,50,0,0,0,0,0
0,413,16,13,50,50,0,0,0,0,0
0,414,16,14,50,50,0,0,0,0,0
0,415,16,15,50,50,1,0,0,0,0
0,416,16,16,50,50,1,1,0,0,0
0,417,16,17,50,50,0,0,0,0,0
0,418,16,18,50,50,1,0,0,0,0
0,419,16,19,50,50,0,0,0,0,0
0,420,16,20,50,50,0,2,0,0,0
0,421,16,21,50,50,0,1,0,0,0
0,422,16,22,50,50,0,0,0,0,0
0,423,16,23,50,50,1,0,0,0,0
0,424,16,24,50,50,0,0,0,0,0
0,425,17,0,50,50,1,0,0,0,0
0,426,17,1,50,50,0,0,0,0,0
0,427,17,2,50,50,0,0,0,0,0
0,428,17,3,50,50,0,1,0,0,0
0,429,17,4,50,50,0,0,0,0,0
0,430,17,5,50,50,0,0,0,0,0
0,431,17,6,50,50,0,2,0,0,0
0,432,17,7,50,50,1,0,0,0,0
0,433,17,8,50,50,0,0,0,0,0
0,434,17,9,50,50,1,0,0,0,0
0,435,17,10,50,50,0,0,0,0,0
0,436,17,11,50,50,1,0,0,0,0
0,437,17,12,50,50,1,0,0,0,0
0,438,17,13,50,50,0,1,0,0,0
0,439,17,14,50,50,0,0,0,0,0
0,440,17,15,50,50,0,0,0,0,0
0,441,17,16,50,50,1,0,0,0,0
0,442,17,17,50,50,1,0,0,0,0
0,443,17,18,50,50,1,1,0,0,0
0,444,17,19,50,50,0,0,0,0,0
0,445,17,20,50,50,1,1,0,0,0
0,446,17,21,50,50,0,0,0,0,0
0,447,17,22,50,50,0,0,0,0,0
0,448,17,23,50,50,0,0,0,0,0
0,449,17,24,50,50,1,0,0,0,0
0,450,18,0,50,50,0,0,0,0,0
0,451,18,1,50,50,1,0,0,0,0
0,452,18,2,50,50,0,0,0,0,0
0,453,18,3,50,50,0,0,0,0,0
0,454,18,4,50,50,1,2,0,0,0
0,455,18,5,50,50,0,0,0,0,0
0,456,18,6,50,50,1,0,0,0,0
0,457,18,7,50,50,1,0,0,0,0
0,458,18,8,50,50,0,0,0,0,0
0,459,18,9,50,50,1,0,0,0,0
0,460,18,10,50,50,1,0,0,0,0
0,461,18,11,50,50,1,0,0,0,0
0,462,18,12,50,50,1,0,0,0,0
0,463,18,13,50,50,1,1,0,0,0
0,464,18,14,50,50,0,0,0,0,0
0,465,18,15,50,50,1,0,0,0,0
0,466,18,16,50,50,1,0,0,0,0
0,467,18,17,50,50,0,0,0,0,0
0,468,18,18,50,50,1,0,0,0,0
0,469,18,19,50,50,0,1,0,0,0
0,470,18,20,50,50,0,0,0,0,0
0,471,18,21,50,50,0,0,0,0,0
0,472,18,22,50,50,0,2,0,0,0
0,473,18,23,50,50,0,0,0,0,0
0,474,18,24,50,50,1,0,0,0,0
0,475,19,0,50,50,1,0,0,0,0
0,476,19,1,50,50,0,0,0,0,0
0,477,19,2,50,50,0,0,0,0,0
0,478,19,3,50,50,0,0,0,0,0
0,479,19,4,50,50,0,1,0,0,0
0,480,19,5,50,50,0,0,0,0,0
0,481,19,6,50,50,1,0,0,0,0
0,482,19,7,50,50,1,0,0,0,0
0,483,19,8,50,50,0,0,0,0,0
0,484,19,9,50,50,0,0,0,0,0
0,485,19,10,50,50,0,2,0,0,0
0,486,19,11,50,50,1,0,0,0,0
0,487,19,12,50,50,0,1,0,0,0
0,488,19,13,50,50,0,0,0,0,0
0,489,19,14,50,50,0,1,0,0,0
0,490,19,15,50,50,0,0,0,0,0
0,491,19,16,50,50,0,1,0,0,0
0,492,19,17,50,50,0,0,0,0,0
0,493,19,18,50,50,1,1,0,0,0
0,494,19,19,50,50,0,0,0,0,0
0,495,19,20,50,50,0,1,0,0,0
0,496,19,21,50,50,0,0,0,0,0
0,497,19,22,50,50,2,1,0,0,0
0,498,19,23,50,50,0,0,0,0,0
0,499,19,24,50,50,0,0,0,0,0
0,500,20,0,50,50,0,1,0,0,0
0,501,20,1,50,50,0,2,0,0,0
0,502,20,2,50,50,0,0,0,0,0
0,503,20,3,50,50,1,0,0,0,0
0,504,20,4,50,50,0,0,0,0,0
0,505,20,5,50,50,0,1,0,0,0
0,506,20,6,50,50,1,0,0,0,0
0,507,20,7,50,50,1,0,0,0,0
0,508,20,8,50,50,0,1,0,0,0
0,509,20,9,50,50,0,1,0,0,0
0,510,20,10,50,50,0,1,0,0,0
0,511,20,11,50,50,0,0,0,0,0
0,512,20,12,50,50,0,0,0,0,0
0,513,20,13,50,50,0,1,0,0,0
0,514,20,14,50,50,0,0,0,0,0
0,515,20,15,50,50,1,0,0,0,0
0,516,20,16,50,50,0,0,0,0,0
0,517,20,17,50,50,0,1,0,0,0
0,518,20,18,50,50,0,0,0,0,0
0,519,20,19,50,50,2,0,0,0,0
0,520,20,20,50,50,0,0,0,0,0
0,521,20,21,50,50,0,0,0,0,0
0,522,20,22,50,50,1,0,0,0,0
0,523,20,23,50,50,1,1,0,0,0
0,524,20,24,50,50,0,2,0,0,0
0,525,21,0,50,50,0,1,0,0,0
0,526,21,1,50,50,0,1,0,0,0
0,527,21,2,50,50,0,0,0,0,0
0,528,21,3,50,50,0,1,0,0,0
0,529,21,4,50,50,0,1,0,0,0
0,530,21,5,50,50,1,0,0,0,0
0,531,21,6,50,50,1,0,0,0,0
0,532,21,7,50,50,1,0,0,0,0
0,533,21,8,50,50,0,0,0,0,0
0,534,21,9,50,50,0,2,0,0,0
0,535,21,10,50,50,0,0,0,0,0
0,536,21,11,50,50,0,0,0,0,0
0,537,21,12,50,50,2,0,0,0,0
0,538,21,13,50,50,0,0,0,0,0
0,539,21,14,50,50,0,1,0,0,0
0,540,21,15,50,50,0,0,0,0,0
0,541,21,16,50,50,0,0,0,0,0
0,542,21,17,50,50,1,0,0,0,0
0,543,21,18,50,50,0,1,0,0,0
0,544,21,19,50,50,0,1,0,0,0
0,545,21,20,50,50,0,1,0,0,0
0,546,21,21,50,50,0,1,0,0,0
0,547,21,22,50,50,1,0,0,0,0
0,548,21,23,50,50,0,0,0,0,0
0,549,21,24,50,50,0,0,0,0,0
0,550,22,0,50,50,1,0,0,0,0
0,551,22,1,50,50,1,0,0,0,0
0,552,22,2,50,50,2,0,0,0,0
0,553,22,3,50,50,0,0,0,0,0
0,554,22,4,50,50,1,0,0,0,0
0,555,22,5,50,50,1,0,0,0,0
0,556,22,6,50,50,1,0,0,0,0
0,557,22,7,50,50,1,0,0,0,0
0,558,22,8,50,50,0,1,0,0,0
0,559,22,9,50,50,0,0,0,0,0
0,560,22,10,50,50,0,2,0,0,0
0,561,22,11,50,50,1,0,0,0,0
0,562,22,12,50,50,0,0,0,0,0
0,563,22,13,50,50,0,1,0,0,0
0,564,22,14,50,50,1,1,0,0,0
0,565,22,15,50,50,1,1,0,0,0
0,566,22,16,50,50,0,1,0,0,0
0,567,22,17,50,50,0,0,0,0,0
0,568,22,18,50,50,1,0,0,0,0
0,569,22,19,50,50,0,0,0,0,0
0,570,22,20,50,50,1,0,0,0,0
0,571,22,21,50,50,0,1,0,0,0
0,572,22,22,50,50,1,0,0,0,0
0,573,22,23,50,50,0,0,0,0,0
0,574,22,24,50,50,0,0,0,0,0
0,575,23,0,50,50,0,0,0,0,0
0,576,23,1,50,50,1,0,0,0,0
0,577,23,2,50,50,0,0,0,0,0
0,578,23,3,50,50,0,0,0,0,0
0,579,23,4,50,50,0,0,0,0,0
0,580,23,5,50,50,2,0,0,0,0
0,581,23,6,50,50,2,0,0,0,0
0,582,23,7,50,50,0,1,0,0,0
0,583,23,8,50,50,0,0,0,0,0
0,584,23,9,50,50,0,1,0,0,0
0,585,23,10,50,50,0,2,0,0,0
0,586,23,11,50,50,0,1,0,0,0
0,587,23,12,50,50,1,1,0,0,0
0,588,23,13,50,50,1,1,0,0,0
0,589,23,14,50,50,0,0,0,0,0
0,590,23,15,50,50,1,1,0,0,0
0,591,23,16,50,50,0,1,0,0,0
0,592,23,17,50,50,0,0,0,0,0
0,593,23,18,50,50,1,2,0,0,0
0,594,23,19,50,50,1,0,0,0,0
0,595,23,20,50,50,0,1,0,0,0
0,596,23,21,50,50,2,1,0,0,0
0,597,23,22,50,50,1,0,0,0,0
0,598,23,23,50,50,0,0,0,0,0
0,599,23,24,50,50,0,0,0,0,0
0,600,24,0,50,50,0,0,0,0,0
0,601,24,1,50,50,0,0,0,0,0
0,602,24,2,50,50,0,0,0,0,0
0,603,24,3,50,50,0,0,0,0,0
0,604,24,4,50,50,1,0,0,0,0
0,605,24,5,50,50,0,0,0,0,0
0,606,24,6,50,50,0,0,0,0,0
0,607,24,7,50,50,0,0,0,0,0
0,608,24,8,50,50,0,0,0,0,0
0,609,24,9,50,50,0,0,0,0,0
0,610,24,10,50,50,1,1,0,0,0
0,611,24,11,50,50,0,2,0,0,0
0,612,24,12,50,50,0,0,0,0,0
0,613,24,13,50,50,0,0,0,0,0
0,614,24,14,50,50,1,0,0,0,0
0,615,24,15,50,50,0,0,0,0,0
0,616,24,16,50,50,0,0,0,0,0
0,617,24,17,50,50,1,1,0,0,0
0,618,24,18,50,50,0,1,0,0,0
0,619,24,19,50,50,0,0,0,0,0
0,620,24,20,50,50,0,0,0,0,0
0,621,24,21,50,50,1,0,0,0,0
0,622,24,22,50,50,1,1,0,0,0
0,623,24,23,50,50,0,1,0,0,0
0,624,24,24,50,50,0,1,0,0,0
100,0,0,0,0,0,5,3,0,0,0
100,1,0,1,0,0,3,5,0,0,0
100,2,0,2,0,0,0,4,0,0,0
100,3,0,3,0,0,2,2,0,0,0
100,4,0,4,0,0,5,1,0,0,0
100,5,0,5,0,0,1,1,0,0,0
100,6,0,6,0,0,1,0,0,0,0
100,7,0,7,0,0,2,1,0,0,0
100,8,0,8,0,1,4,2,0,0,0
100,9,0,9,0,0,3,1,0,0,0
100,10,0,10,0,0,0,4,0,0,0
100,11,0,11,0,0,2,4,0,0,0
100,12,0,12,0,0,1,3,0,0,0
100,13,0,13,0,0,1,1,0,0,0
100,14,0,14,0,14,6,1,0,0,0
100,15,0,15,0,0,2,3,0,0,0
100,16,0,16,0,0,6,0,0,0,0
100,17,0,17,0,0,3,3,0,0,0
100,18,0,18,0,0,2,3,0,0,0
100,19,0,19,0,0,1,0,0,0,0
100,20,0,20,0,0,0,2,0,0,0
100,21,0,21,0,0,2,0,0,0,0
100,22,0,22,0,0,3,1,0,0,0
100,23,0,23,0,0,2,3,0,0,0
100,24,0,24,0,4,1,1,0,0,0
100,25,1,0,0,0,0,3,0,0,0
100,26,1,1,0,0,2,1,0,0,0
100,27,1,2,0,0,3,1,0,0,0
100,28,1,3,0,3,2,1,0,0,0
100,29,1,4,0,9,2,1,0,0,0
100,30,1,5,0,0,1,1,0,0,0
100,31,1,6,0,29,3,0,0,0,0
100,32,1,7,2,0,0,1,0,0,0
100,33,1,8,0,0,0,1,0,0,0
100,34,1,9,7,0,1,0,0,0,0
100,35,1,10,0,0,0,3,0,0,0
100,36,1,11,0,0,3,1,0,0,0
100,37,1,12,0,0,1,0,0,0,0
100,38,1,13,0,0,2,1,0,0,0
100,39,1,14,28,1,0,1,0,0,0
100,40,1,15,0,0,0,0,0,0,0
100,41,1,16,0,0,1,4,0,0,0
100,42,1,17,3,7,2,1,0,0,0
100,43,1,18,0,4,3,1,0,0,0
100,44,1,19,0,6,3,1,0,0,0
100,45,1,20,3,1,5,1,0,0,0
100,46,1,21,0,0,0,3,0,0,0
100,47,1,22,0,21,1,0,0,0,0
100,48,1,23,8,0,4,0,0,0,0
100,49,1,24,8,0,0,0,0,0,0
100,50,2,0,0,0,2,3,0,0,0
100,51,2,1,0,0,4,1,0,0,0
100,52,2,2,0,0,1,2,0,0,0
100,53,2,3,0,0,0,1,0,0,0
100,54,2,4,0,0,1,1,0,0,0
100,55,2,5,1,0,2,3,0,0,0
100,56,2,6,0,0,3,1,0,0,0
100,57,2,7,0,0,4,0,0,0,0
100,58,2,8,14,0,0,1,0,0,0
100,59,2,9,2,0,1,1,0,0,0
100,60,2,10,1,8,2,0,0,0,0
100,61,2,11,0,0,0,0,0,0,0
100,62,2,12,0,0,0,0,0,0,0
100,63,2,13,2,0,3,0,0,0,0
100,64,2,14,0,0,0,0,0,0,0
100,65,2,15,0,0,1,3,0,0,0
100,66,2,16,1,0,1,1,0,0,0
100,67,2,17,0,0,2,1,0,0,0
100,68,2,18,0,0,3,0,0,0,0
100,69,2,19,0,0,2,1,0,0,0
100,70,2,20,0,19,2,0,0,0,0
100,71,2,21,2,23,2,0,0,0,0
100,72,2,22,32,0,0,0,0,0,0
100,73,2,23,3,1,0,1,0,0,0
100,74,2,24,0,1,2,4,0,0,0
100,75,3,0,0,0,2,3,0,0,0
100,76,3,1,0,0,2,0,0,0,0
100,77,3,2,0,0,3,3,0,0,0
100,78,3,3,0,0,1,1,0,0,0
100,79,3,4,0,0,1,0,0,0,0
100,80,3,5,1,19,0,0,0,0,0
100,81,3,6,0,0,2,3,0,0,0
100,82,3,7,0,0,0,6,0,0,0
100,83,3,8,0,0,2,2,0,0,0
100,84,3,9,0,0,2,1,0,0,0
100,85,3,10,0,1,1,1,0,0,0
100,86,3,11,1,16,0,2,0,0,0
100,87,3,12,0,4,1,0,0,0,0
100,88,3,13,0,0,1,5,0,0,0
100,89,3,14,0,1,3,2,0,0,0
100,90,3,15,0,5,3,0,0,0,0
100,91,3,16,0,29,3,2,0,0,0
100,92,3,17,0,0,3,1,0,0,0
100,93,3,18,2,0,1,1,0,0,0
100,94,3,19,1,0,1,2,0,0,0
100,95,3,20,1,1,2,2,0,0,0
100,96,3,21,8,7,0,2,0,0,0
100,97,3,22,15,12,1,1,0,0,0
100,98,3,23,0,6,1,4,0,0,0
100,99,3,24,0,0,1,0,0,0,0
100,100,4,0,0,0,0,2,0,0,0
100,101,4,1,1,11,1,2,0,0,0
100,102,4,2,0,1,0,3,0,0,0
100,103,4,3,0,0,0,1,0,0,0
100,104,4,4,0,4,1,1,0,0,0
100,105,4,5,9,0,1,0,0,0,0
100,106,4,6,0,0,1,2,0,0,0
100,107,4,7,0,1,0,1,0,0,0
100,108,4,8,0,14,0,0,0,0,0
100,109,4,9,0,0,1,1,0,0,0
100,110,4,10,0,1,2,1,0,0,0
100,111,4,11,24,23,0,1,0,0,0
100,112,4,12,0,21,1,0,0,0,0
100,113,4,13,0,0,0,0,0,0,0
100,114,4,14,6,0,2,1,0,0,0
100,115,4,15,0,8,0,0,0,0,0
100,116,4,16,0,1,0,2,0,0,0
100,117,4,17,0,0,0,1,0,0,0
100,118,4,18,0,2,1,1,0,0,0
100,119,4,19,0,17,3,0,0,0,0
100,120,4,20,0,0,0,0,0,0,0
100,121,4,21,1,0,3,0,0,0,0
100,122,4,22,31,17,2,1,0,0,0
100,123,4,23,0,12,2,0,0,0,0
100,124,4,24,9,13,1,1,0,0,0
100,125,5,0,0,0,1,1,0,0,0
100,126,5,1,0,0,1,1,0,0,0
100,127,5,2,0,0,2,3,0,0,0
100,128,5,3,0,0,0,3,0,0,0
100,129,5,4,0,0,1,0,0,0,0
100,130,5,5,1,0,1,0,0,0,0
100,131,5,6,0,9,0,3,0,0,0
100,132,5,7,0,0,2,2,0,0,0
100,133,5,8,0,4,1,4,0,0,0
100,134,5,9,0,0,2,1,0,0,0
100,135,5,10,18,13,0,2,0,0,0
100,136,5,11,0,0,1,2,0,0,0
100,137,5,12,0,0,4,0,0,0,0
100,138,5,13,0,16,2,0,0,0,0
100,139,5,14,0,0,0,2,0,0,0
100,140,5,15,5,1,3,0,0,0,0
100,141,5,16,0,16,1,1,0,0,0
100,142,5,17,1,0,1,3,0,0,0
100,143,5,18,0,0,3,1,0,0,0
100,144,5,19,0,0,0,1,0,0,0
100,145,5,20,2,18,3,3,0,0,0
100,146,5,21,26,25,0,1,0,0,0
100,147,5,22,0,4,0,2,0,0,0
100,148,5,23,20,20,1,1,0,0,0
100,149,5,24,17,25,0,0,0,0,0
100,150,6,0,0,0,0,1,0,0,0
100,151,6,1,0,0,1,0,0,0,0
100,152,6,2,0,0,0,1,0,0,0
100,153,6,3,0,0,0,0,0,0,0
100,154,6,4,0,0,0,4,0,0,0
100,155,6,5,0,0,1,0,0,0,0
100,156,6,6,0,0,0,0,0,0,0
100,157,6,7,0,0,1,0,0,0,0
100,158,6,8,6,12,0,1,0,0,0
100,159,6,9,0,0,1,0,0,0,0
100,160,6,10,0,0,1,0,0,0,0
100,161,6,11,5,0,2,3,0,0,0
100,162,6,12,9,0,1,1,0,0,0
100,163,6,13,5,1,1,2,0,0,0
100,164,6,14,0,7,0,1,0,0,0
100,165,6,15,1,20,1,1,0,0,0
100,166,6,16,0,4,1,2,0,0,0
100,167,6,17,0,6,0,2,0,0,0
100,168,6,18,0,34,0,0,0,0,0
100,169,6,19,11,0,4,2,0,0,0
100,170,6,20,1,12,0,1,0,0,0
100,171,6,21,0,2,0,1,0,0,0
100,172,6,22,0,0,3,1,0,0,0
100,173,6,23,27,21,0,2,0,0,0
100,174,6,24,0,15,1,0,0,0,0
100,175,7,0,0,0,2,1,0,0,0
100,176,7,1,0,2,3,1,0,0,0
100,177,7,2,0,0,0,2,0,0,0
100,178,7,3,0,0,4,1,0,0,0
100,179,7,4,1,0,0,3,0,0,0
100,180,7,5,0,0,3,1,0,0,0
100,181,7,6,3,0,0,5,0,0,0
100,182,7,7,2,0,2,4,0,0,0
100,183,7,8,2,3,1,1,0,0,0
100,184,7,9,0,11,8,1,0,0,0
100,185,7,10,2,0,1,5,0,0,0
100,186,7,11,0,6,2,1,0,0,0
100,187,7,12,0,12,5,2,0,0,0
100,188,7,13,0,0,0,0,0,0,0
100,189,7,14,0,0,0,2,0,0,0
100,190,7,15,0,0,1,1,0,0,0
100,191,7,16,0,0,1,1,0,0,0
100,192,7,17,0,20,1,0,0,0,0
100,193,7,18,0,0,1,3,0,0,0
100,194,7,19,0,10,0,0,0,0,0
100,195,7,20,2,35,0,0,0,0,0
100,196,7,21,13,12,1,0,0,0,0
100,197,7,22,5,2,0,1,0,0,0
100,198,7,23,14,15,1,2,0,0,0
100,199,7,24,8,0,0,0,0,0,0
100,200,8,0,0,0,1,3,0,0,0
100,201,8,1,0,0,2,1,0,0,0
100,202,8,2,0,0,2,4,0,0,0
100,203,8,3,1,4,1,3,0,0,0
100,204,8,4,1,0,1,0,0,0,0
100,205,8,5,4,0,0,1,0,0,0
100,206,8,6,7,0,1,2,0,0,0
100,207,8,7,0,0,0,1,0,0,0
100,208,8,8,1,0,1,3,0,0,0
100,209,8,9,0,0,2,1,0,0,0
100,210,8,10,7,0,0,0,0,0,0
100,211,8,11,15,7,1,0,0,0,0
100,212,8,12,27,0,1,1,0,0,0
100,213,8,13,6,0,0,4,0,0,0
100,214,8,14,4,2,0,1,0,0,0
100,215,8,15,10,4,0,1,0,0,0
100,216,8,16,0,0,2,0,0,0,0
100,217,8,17,34,0,0,1,0,0,0
100,218,8,18,17,0,1,2,0,0,0
100,219,8,19,0,0,2,1,0,0,0
100,220,8,20,0,0,1,1,0,0,0
100,221,8,21,17,0,0,1,0,0,0
100,222,8,22,4,0,0,1,0,0,0
100,223,8,23,2,13,4,1,0,0,0
100,224,8,24,3,23,2,3,0,0,0
100,225,9,0,0,0,0,5,0,0,0
100,226,9,1,2,13,2,2,0,0,0
100,227,9,2,0,3,3,1,0,0,0
100,228,9,3,1,0,1,1,0,0,0
100,229,9,4,0,0,1,3,0,0,0
100,230,9,5,6,0,2,0,0,0,0
100,231,9,6,0,0,0,3,0,0,0
100,232,9,7,21,0,0,1,0,0,0
100,233,9,8,5,0,0,0,0,0,0
100,234,9,9,4,0,0,2,0,0,0
100,235,9,10,0,0,1,0,0,0,0
100,236,9,11,1,10,0,0,0,0,0
100,237,9,12,13,1,2,0,0,0,0
100,238,9,13,0,26,0,0,0,0,0
100,239,9,14,0,0,2,1,0,0,0
100,240,9,15,3,4,0,0,0,0,0
100,241,9,16,0,0,1,5,0,0,0
100,242,9,17,0,8,0,1,0,0,0
100,243,9,18,1,10,1,0,0,0,0
100,244,9,19,0,2,2,0,0,0,0
100,245,9,20,0,0,1,1,0,0,0
100,246,9,21,15,0,1,2,0,0,0
100,247,9,22,19,0,0,0,0,0,0
100,248,9,23,7,11,0,1,0,0,0
100,249,9,24,0,22,1,0,0,0,0
100,250,10,0,0,2,1,3,0,0,0
100,251,10,1,1,2,1,2,0,0,0
100,252,10,2,0,1,1,3,0,0,0
100,253,10,3,0,7,1,0,0,0,0
100,254,10,4,0,0,1,0,0,0,0
100,255,10,5,8,0,0,3,0,0,0
100,256,10,6,0,0,1,2,0,0,0
100,257,10,7,0,2,2,0,0,0,0
100,258,10,8,0,8,1,0,0,0,0
100,259,10,9,24,0,1,2,0,0,0
100,260,10,10,0,0,0,1,0,0,0
100,261,10,11,0,29,3,0,0,0,0
100,262,10,12,0,1,0,5,0,0,0
100,263,10,13,0,4,3,0,0,0,0
100,264,10,14,4,0,2,0,0,0,0
100,265,10,15,0,4,1,0,0,0,0
100,266,10,16,0,0,1,1,0,0,0
100,267,10,17,0,17,0,1,0,0,0
100,268,10,18,0,13,1,1,0,0,0
100,269,10,19,27,0,0,0,0,0,0
100,270,10,20,0,6,0,0,0,0,0
100,271,10,21,16,5,1,3,0,0,0
100,272,10,22,11,26,0,1,0,0,0
100,273,10,23,15,36,2,0,0,0,0
100,274,10,24,0,0,0,2,0,0,0
100,275,11,0,0,0,5,1,0,0,0
100,276,11,1,4,0,1,3,0,0,0
100,277,11,2,0,0,2,2,0,0,0
100,278,11,3,1,9,1,2,0,0,0
100,279,11,4,26,0,2,1,0,0,0
100,280,11,5,0,0,1,2,0,0,0
100,281,11,6,37,0,0,3,0,0,0
100,282,11,7,0,11,0,0,0,0,0
100,283,11,8,5,0,3,4,0,0,0
100,284,11,9,0,17,3,0,0,0,0
100,285,11,10,11,0,1,2,0,0,0
100,286,11,11,4,0,0,1,0,0,0
100,287,11,12,0,19,1,1,0,0,0
100,288,11,13,9,0,1,2,0,0,0
100,289,11,14,0,7,4,0,0,0,0
100,290,11,15,1,1,2,5,0,0,0
100,291,11,16,19,0,1,5,0,0,0
100,292,11,17,12,12,0,0,0,0,0
100,293,11,18,2,0,0,0,0,0,0
100,294,11,19,34,0,0,1,0,0,0
100,295,11,20,14,9,1,2,0,0,0
100,296,11,21,14,9,3,5,0,0,0
100,297,11,22,12,8,0,1,0,0,0
100,298,11,23,41,0,0,0,0,0,0
100,299,11,24,27,5,2,1,0,0,0
100,300,12,0,0,0,1,0,0,0,0
100,301,12,1,0,0,0,0,0,0,0
100,302,12,2,0,5,2,0,0,0,0
100,303,12,3,0,0,1,1,0,0,0
100,304,12,4,7,0,0,0,0,0,0
100,305,12,5,2,1,1,0,0,0,0
100,306,12,6,6,8,2,2,0,0,0
100,307,12,7,0,0,1,3,0,0,0
100,308,12,8,0,5,1,3,0,0,0
100,309,12,9,0,6,0,1,0,0,0
100,310,12,10,0,0,2,3,0,0,0
100,311,12,11,1,0,3,1,0,0,0
100,312,12,12,0,7,1,0,0,0,0
100,313,12,13,0,0,0,2,0,0,0
100,314,12,14,0,0,6,0,0,0,0
100,315,12,15,0,7,1,0,0,0,0
100,316,12,16,1,14,3,3,0,0,0
100,317,12,17,12,18,0,0,0,0,0
100,318,12,18,5,0,0,2,0,0,0
100,319,12,19,17,0,3,1,0,0,0
100,320,12,20,0,0,0,2,0,0,0
100,321,12,21,29,15,0,2,0,0,0
100,322,12,22,0,10,3,2,0,0,0
100,323,12,23,23,20,0,0,0,0,0
100,324,12,24,23,3,0,2,0,0,0
100,325,13,0,0,0,2,3,0,0,0
100,326,13,1,13,46,1,1,0,0,0
100,327,13,2,0,8,1,1,0,0,0
100,328,13,3,0,0,5,2,0,0,0
100,329,13,4,1,0,0,2,0,0,0
100,330,13,5,0,1,0,1,0,0,0
100,331,13,6,18,3,3,0,0,0,0
100,332,13,7,0,0,1,1,0,0,0
100,333,13,8,0,0,2,2,0,0,0
100,334,13,9,0,0,1,0,0,0,0
100,335,13,10,0,14,0,0,0,0,0
100,336,13,11,7,1,2,2,0,0,0
100,337,13,12,0,17,1,0,0,0,0
100,338,13,13,3,0,2,1,0,0,0
100,339,13,14,0,24,1,0,0,0,0
100,340,13,15,2,5,2,3,0,0,0
100,341,13,16,0,1,3,1,0,0,0
100,342,13,17,3,0,2,0,0,0,0
100,343,13,18,0,0,1,1,0,0,0
100,344,13,19,0,27,0,1,0,0,0
100,345,13,20,8,18,0,0,0,0,0
100,346,13,21,11,4,0,1,0,0,0
100,347,13,22,15,6,2,1,0,0,0
100,348,13,23,34,17,0,0,0,0,0
100,349,13,24,5,15,0,0,0,0,0
100,350,14,0,1,0,2,1,0,0,0
100,351,14,1,0,0,0,0,0,0,0
100,352,14,2,0,0,0,1,0,0,0
100,353,14,3,0,0,2,0,0,0,0
100,354,14,4,18,0,0,0,0,0,0
100,355,14,5,0,0,2,1,0,0,0
100,356,14,6,0,28,2,0,0,0,0
100,357,14,7,0,4,1,2,0,0,0
100,358,14,8,0,0,4,3,0,0,0
100,359,14,9,1,15,1,0,0,0,0
100,360,14,10,23,18,0,0,0,0,0
100,361,14,11,0,0,0,0,0,0,0
100,362,14,12,3,26,0,0,0,0,0
100,363,14,13,7,1,1,1,0,0,0
100,364,14,14,1,33,3,2,0,0,0
100,365,14,15,0,12,1,1,0,0,0
100,366,14,16,0,8,0,1,0,0,0
100,367,14,17,0,6,0,4,0,0,0
100,368,14,18,0,1,3,3,0,0,0
100,369,14,19,26,1,0,0,0,0,0
100,370,14,20,9,0,2,1,0,0,0
100,371,14,21,0,9,1,0,0,0,0
100,372,14,22,25,6,0,3,0,0,0
100,373,14,23,2,5,0,0,0,0,0
100,374,14,24,29,15,2,1,0,0,0
100,375,15,0,0,0,2,0,0,0,0
100,376,15,1,0,0,1,2,0,0,0
100,377,15,2,0,0,4,0,0,0,0
100,378,15,3,0,2,0,0,0,0,0
100,379,15,4,30,2,1,0,0,0,0
100,380,15,5,7,0,1,1,0,0,0
100,381,15,6,32,0,1,4,0,0,0
100,382,15,7,31,5,0,2,0,0,0
100,383,15,8,0,15,1,1,0,0,0
100,384,15,9,1,3,0,0,0,0,0
100,385,15,10,14,0,2,0,0,0,0
100,386,15,11,0,0,5,0,0,0,0
100,387,15,12,2,4,0,0,0,0,0
100,388,15,13,0,0,2,1,0,0,0
100,389,15,14,0,1,2,3,0,0,0
100,390,15,15,0,6,2,1,0,0,0
100,391,15,16,0,9,1,0,0,0,0
100,392,15,17,0,1,2,0,0,0,0
100,393,15,18,0,13,1,2,0,0,0
100,394,15,19,7,0,0,1,0,0,0
100,395,15,20,0,0,3,3,0,0,0
100,396,15,21,7,14,3,1,0,0,0
100,397,15,22,41,22,0,1,0,0,0
100,398,15,23,0,0,1,0,0,0,0
100,399,15,24,23,3,0,0,0,0,0
100,400,16,0,0,0,1,2,0,0,0
100,401,16,1,0,12,0,0,0,0,0
100,402,16,2,3,17,1,1,0,0,0
100,403,16,3,0,11,3,2,0,0,0
100,404,16,4,1,0,3,0,0,0,0
100,405,16,5,0,0,5,5,0,0,0
100,406,16,6,0,0,1,2,0,0,0
100,407,16,7,1,3,2,0,0,0,0
100,408,16,8,0,1,2,2,0,0,0
100,409,16,9,0,6,1,3,0,0,0
100,410,16,10,0,0,1,3,0,0,0
100,411,16,11,13,0,0,2,0,0,0
100,412,16,12,6,0,1,1,0,0,0
100,413,16,13,14,16,4,1,0,0,0
100,414,16,14,0,7,2,4,0,0,0
100,415,16,15,2,26,0,0,0,0,0
100,416,16,16,15,1,0,5,0,0,0
100,417,16,17,19,23,1,0,0,0,0
100,418,16,18,0,13,2,0,0,0,0
100,419,16,19,0,25,4,3,0,0,0
100,420,16,20,0,31,2,0,0,0,0
100,421,16,21,6,13,1,0,0,0,0
100,422,16,22,2,1,2,3,0,0,0
100,423,16,23,49,13,1,0,0,0,0
100,424,16,24,1,2,0,1,0,0,0
100,425,17,0,0,0,1,1,0,0,0
100,426,17,1,39,0,0,2,0,0,0
100,427,17,2,0,0,0,5,0,0,0
100,428,17,3,0,1,2,0,0,0,0
100,429,17,4,18,2,1,0,0,0,0
100,430,17,5,5,0,1,4,0,0,0
100,431,17,6,1,6,1,1,0,0,0
100,432,17,7,0,0,0,0,0,0,0
100,433,17,8,24,19,0,1,0,0,0
100,434,17,9,2,8,1,1,0,0,0
100,435,17,10,0,0,3,0,0,0,0
100,436,17,11,13,5,0,0,0,0,0
100,437,17,12,0,12,0,2,0,0,0
100,438,17,13,1,11,1,1,0,0,0
100,439,17,14,0,9,1,5,0,0,0
100,440,17,15,0,2,0,2,0,0,0
100,441,17,16,3,13,0,0,0,0,0
100,442,17,17,1,0,0,3,0,0,0
100,443,17,18,28,0,2,0,0,0,0
100,444,17,19,5,9,1,0,0,0,0
100,445,17,20,20,50,0,0,0,0,0
100,446,17,21,0,0,0,2,0,0,0
100,447,17,22,11,39,1,0,0,0,0
100,448,17,23,9,1,0,1,0,0,0
100,449,17,24,17,0,0,1,0,0,0
100,450,18,0,0,1,2,0,0,0,0
100,451,18,1,12,0,2,2,0,0,0
100,452,18,2,5,0,2,0,0,0,0
100,453,18,3,5,5,2,0,0,0,0
100,454,18,4,22,16,0,1,0,0,0
100,455,18,5,5,0,0,2,0,0,0
100,456,18,6,0,15,0,3,0,0,0
100,457,18,7,7,20,0,0,0,0,0
100,458,18,8,1,0,1,2,0,0,0
100,459,18,9,2,15,4,0,0,0,0
100,460,18,10,18,1,2,1,0,0,0
100,461,18,11,8,41,2,0,0,0,0
100,462,18,12,2,1,3,1,0,0,0
100,463,18,13,25,9,1,2,0,0,0
100,464,18,14,9,23,1,0,0,0,0
100,465,18,15,9,18,0,0,0,0,0
100,466,18,16,0,21,1,0,0,0,0
100,467,18,17,0,8,3,2,0,0,0
100,468,18,18,24,0,0,1,0,0,0
100,469,18,19,2,20,2,1,0,0,0
100,470,18,20,6,17,0,1,0,0,0
100,471,18,21,0,18,1,1,0,0,0
100,472,18,22,19,29,1,0,0,0,0
100,473,18,23,37,5,0,4,0,0,0
100,474,18,24,14,5,1,0,0,0,0
100,475,19,0,0,0,2,0,0,0,0
100,476,19,1,45,0,0,2,0,0,0
100,477,19,2,23,0,1,2,0,0,0
100,478,19,3,17,5,1,2,0,0,0
100,479,19,4,4,0,1,0,0,0,0
100,480,19,5,0,13,1,0,0,0,0
100,481,19,6,16,1,0,3,0,0,0
100,482,19,7,0,1,1,0,0,0,0
100,483,19,8,9,15,2,1,0,0,0
100,484,19,9,15,0,1,1,0,0,0
100,485,19,10,9,0,2,0,0,0,0
100,486,19,11,13,7,4,0,0,0,0
100,487,19,12,7,24,0,0,0,0,0
100,488,19,13,0,12,3,1,0,0,0
100,489,19,14,0,13,1,0,0,0,0
100,490,19,15,1,1,3,2,0,0,0
100,491,19,16,31,25,0,0,0,0,0
100,492,19,17,0,29,0,1,0,0,0
100,493,19,18,3,0,0,0,0,0,0
100,494,19,19,0,14,1,3,0,0,0
100,495,19,20,1,9,0,2,0,0,0
100,496,19,21,0,7,2,2,0,0,0
100,497,19,22,18,0,0,0,0,0,0
100,498,19,23,40,0,1,1,0,0,0
100,499,19,24,16,3,2,1,0,0,0
100,500,20,0,0,0,2,1,0,0,0
100,501,20,1,11,0,0,1,0,0,0
100,502,20,2,1,7,2,0,0,0,0
100,503,20,3,4,0,1,0,0,0,0
100,504,20,4,1,0,2,2,0,0,0
100,505,20,5,0,4,2,1,0,0,0
100,506,20,6,9,0,0,0,0,0,0
100,507,20,7,0,1,0,0,0,0,0
100,508,20,8,0,20,1,1,0,0,0
100,509,20,9,7,18,1,0,0,0,0
100,510,20,10,0,1,6,3,0,0,0
100,511,20,11,12,17,0,0,0,0,0
100,512,20,12,0,21,1,1,0,0,0
100,513,20,13,0,6,0,0,0,0,0
100,514,20,14,11,10,0,1,0,0,0
100,515,20,15,2,17,0,0,0,0,0
100,516,20,16,0,1,2,2,0,0,0
100,517,20,17,0,13,0,3,0,0,0
100,518,20,18,9,17,0,1,0,0,0
100,519,20,19,0,22,2,0,0,0,0
100,520,20,20,11,0,0,2,0,0,0
100,521,20,21,13,18,2,0,0,0,0
100,522,20,22,8,24,1,2,0,0,0
100,523,20,23,1,5,6,2,0,0,0
100,524,20,24,2,23,0,0,0,0,0
100,525,21,0,0,0,2,2,0,0,0
100,526,21,1,8,0,1,3,0,0,0
100,527,21,2,24,0,1,1,0,0,0
100,528,21,3,16,0,2,2,0,0,0
100,529,21,4,22,20,2,0,0,0,0
100,530,21,5,29,19,2,0,0,0,0
100,531,21,6,0,0,1,0,0,0,0
100,532,21,7,2,4,0,2,0,0,0
100,533,21,8,12,0,2,0,0,0,0
100,534,21,9,17,17,0,0,0,0,0
100,535,21,10,11,23,2,1,0,0,0
100,536,21,11,0,0,2,1,0,0,0
100,537,21,12,0,2,1,1,0,0,0
100,538,21,13,1,6,2,2,0,0,0
100,539,21,14,22,9,0,1,0,0,0
100,540,21,15,22,0,2,0,0,0,0
100,541,21,16,2,32,3,0,0,0,0
100,542,21,17,0,2,2,1,0,0,0
100,543,21,18,10,0,1,0,0,0,0
100,544,21,19,1,0,0,1,0,0,0
100,545,21,20,0,12,2,2,0,0,0
100,546,21,21,3,19,0,2,0,0,0
100,547,21,22,20,34,2,1,0,0,0
100,548,21,23,16,6,0,2,0,0,0
100,549,21,24,11,12,0,1,0,0,0
100,550,22,0,6,0,0,1,0,0,0
100,551,22,1,4,0,0,0,0,0,0
100,552,22,2,23,0,0,5,0,0,0
100,553,22,3,4,0,2,1,0,0,0
100,554,22,4,7,0,0,1,0,0,0
100,555,22,5,10,2,0,1,0,0,0
100,556,22,6,2,0,0,0,0,0,0
100,557,22,7,32,38,0,0,0,0,0
100,558,22,8,26,26,0,2,0,0,0
100,559,22,9,0,17,1,1,0,0,0
100,560,22,10,27,26,0,0,0,0,0
100,561,22,11,14,23,3,0,0,0,0
100,562,22,12,2,22,0,0,0,0,0
100,563,22,13,0,1,0,2,0,0,0
100,564,22,14,0,2,2,0,0,0,0
100,565,22,15,22,28,1,1,0,0,0
100,566,22,16,35,33,0,0,0,0,0
100,567,22,17,11,23,4,0,0,0,0
100,568,22,18,26,19,0,0,0,0,0
100,569,22,19,0,20,1,1,0,0,0
100,570,22,20,1,31,2,2,0,0,0
100,571,22,21,17,12,0,1,0,0,0
100,572,22,22,26,18,0,0,0,0,0
100,573,22,23,42,30,0,0,0,0,0
100,574,22,24,20,1,1,2,0,0,0
100,575,23,0,0,0,1,4,0,0,0
100,576,23,1,8,0,1,1,0,0,0
100,577,23,2,0,0,1,2,0,0,0
100,578,23,3,0,0,1,2,0,0,0
100,579,23,4,14,0,1,2,0,0,0
100,580,23,5,7,7,2,1,0,0,0
100,581,23,6,32,27,1,0,0,0,0
100,582,23,7,21,8,1,0,0,0,0
100,583,23,8,2,11,0,1,0,0,0
100,584,23,9,0,0,1,0,0,0,0
100,585,23,10,7,1,2,0,0,0,0
100,586,23,11,0,0,1,2,0,0,0
100,587,23,12,6,12,0,0,0,0,0
100,588,23,13,1,16,0,0,0,0,0
100,589,23,14,26,13,1,0,0,0,0
100,590,23,15,0,18,1,0,0,0,0
100,591,23,16,0,12,0,4,0,0,0
100,592,23,17,0,1,1,2,0,0,0
100,593,23,18,12,19,0,0,0,0,0
100,594,23,19,0,38,1,0,0,0,0
100,595,23,20,35,1,1,4,0,0,0
100,596,23,21,13,15,0,0,0,0,0
100,597,23,22,16,14,1,0,0,0,0
100,598,23,23,24,8,1,0,0,0,0
100,599,23,24,0,2,1,3,0,0,0
100,600,24,0,0,0,1,3,0,0,0
100,601,24,1,0,0,0,1,0,0,0
100,602,24,2,0,0,3,0,0,0,0
100,603,24,3,0,25,1,0,0,0,0
100,604,24,4,0,0,0,1,0,0,0
100,605,24,5,0,17,0,2,0,0,0
100,606,24,6,15,3,1,1,0,0,0
100,607,24,7,4,23,1,0,0,0,0
100,608,24,8,0,0,2,1,0,0,0
100,609,24,9,0,27,1,0,0,0,0
100,610,24,10,2,9,0,1,0,0,0
100,611,24,11,12,12,0,0,0,0,0
100,612,24,12,12,1,0,1,0,0,0
100,613,24,13,1,11,0,1,0,0,0
100,614,24,14,11,3,0,2,0,0,0
100,615,24,15,0,18,3,0,0,0,0
100,616,24,16,0,29,0,0,0,0,0
100,617,24,17,3,32,1,0,0,0,0
100,618,24,18,12,7,1,1,0,0,0
100,619,24,19,0,9,0,0,0,0,0
100,620,24,20,16,25,1,1,0,0,0
100,621,24,21,0,17,2,3,0,0,0
100,622,24,22,1,13,1,0,0,0,0
100,623,24,23,14,3,1,0,0,0,0
100,624,24,24,0,9,1,1,0,0,0
200,0,0,0,0,0,4,4,0,0,0
200,1,0,1,0,0,6,1,0,0,0
200,2,0,2,0,0,1,6,0,0,0
200,3,0,3,0,0,3,4,0,0,0
200,4,0,4,0,0,2,1,0,0,0
200,5,0,5,0,0,3,4,0,0,0
200,6,0,6,0,0,3,4,0,0,0
200,7,0,7,0,0,0,1,0,0,0
200,8,0,8,0,0,3,2,0,0,0
200,9,0,9,0,0,2,2,0,0,0
200,10,0,10,1,0,0,3,0,0,0
200,11,0,11,0,0,1,3,0,0,0
200,12,0,12,0,0,1,3,0,0,0
200,13,0,13,0,0,0,0,0,0,0
200,14,0,14,0,0,3,4,0,0,0
200,15,0,15,0,0,2,2,0,0,0
200,16,0,16,0,0,4,2,0,0,0
200,17,0,17,0,0,1,2,0,0,0
200,18,0,18,0,0,3,1,0,0,0
200,19,0,19,0,0,3,0,0,0,0
200,20,0,20,0,0,3,5,0,0,0
200,21,0,21,0,2,1,1,0,0,0
200,22,0,22,0,17,2,1,0,0,0
200,23,0,23,0,1,1,1,0,0,0
200,24,0,24,0,0,0,3,0,0,0
200,25,1,0,0,0,0,1,0,0,0
200,26,1,1,0,0,2,2,0,0,0
200,27,1,2,9,0,1,2,0,0,0
200,28,1,3,0,1,1,1,0,0,0
200,29,1,4,0,0,1,1,0,0,0
200,30,1,5,0,0,1,1,0,0,0
200,31,1,6,0,0,1,3,0,0,0
200,32,1,7,0,0,4,1,0,0,0
200,33,1,8,20,0,0,0,0,0,0
200,34,1,9,12,0,0,2,0,0,0
200,35,1,10,4,0,0,0,0,0,0
200,36,1,11,1,0,2,1,0,0,0
200,37,1,12,49,0,0,4,0,0,0
200,38,1,13,1,0,2,0,0,0,0
200,39,1,14,10,0,1,1,0,0,0
200,40,1,15,9,2,2,1,0,0,0
200,41,1,16,0,0,4,2,0,0,0
200,42,1,17,7,0,1,1,0,0,0
200,43,1,18,9,18,1,0,0,0,0
200,44,1,19,0,0,0,2,0,0,0
200,45,1,20,4,26,1,1,0,0,0
200,46,1,21,6,1,1,1,0,0,0
200,47,1,22,0,0,1,1,0,0,0
200,48,1,23,0,6,1,0,0,0,0
200,49,1,24,8,36,0,0,0,0,0
200,50,2,0,0,0,1,1,0,0,0
200,51,2,1,0,0,2,3,0,0,0
200,52,2,2,0,0,0,0,0,0,0
200,53,2,3,5,0,2,0,0,0,0
200,54,2,4,0,0,0,2,0,0,0
200,55,2,5,0,0,0,6,0,0,0
200,56,2,6,1,0,2,1,0,0,0
200,57,2,7,0,22,3,0,0,0,0
200,58,2,8,1,0,3,0,0,0,0
200,59,2,9,0,0,1,2,0,0,0
200,60,2,10,3,0,1,1,0,0,0
200,61,2,11,8,0,0,6,0,0,0
200,62,2,12,0,17,3,1,0,0,0
200,63,2,13,0,11,2,0,0,0,0
200,64,2,14,0,0,1,2,0,0,0
200,65,2,15,0,17,3,2,0,0,0
200,66,2,16,0,3,0,1,0,0,0
200,67,2,17,27,10,0,1,0,0,0
200,68,2,18,0,4,1,1,0,0,0
200,69,2,19,25,32,1,1,0,0,0
200,70,2,20,1,2,1,0,0,0,0
200,71,2,21,1,0,0,0,0,0,0
200,72,2,22,10,12,3,0,0,0,0
200,73,2,23,3,0,0,1,0,0,0
200,74,2,24,4,0,0,2,0,0,0
200,75,3,0,0,0,1,0,0,0,0
200,76,3,1,0,0,1,2,0,0,0
200,77,3,2,2,0,1,2,0,0,0
200,78,3,3,0,0,2,0,0,0,0
200,79,3,4,0,0,2,1,0,0,0
200,80,3,5,0,1,0,2,0,0,0
200,81,3,6,0,1,1,1,0,0,0
200,82,3,7,0,0,5,0,0,0,0
200,83,3,8,1,0,3,0,0,0,0
200,84,3,9,11,0,1,1,0,0,0
200,85,3,10,0,5,4,1,0,0,0
200,86,3,11,26,6,0,1,0,0,0
200,87,3,12,10,2,0,1,0,0,0
200,88,3,13,1,1,1,2,0,0,0
200,89,3,14,17,31,2,0,0,0,0
200,90,3,15,3,20,1,2,0,0,0
200,91,3,16,0,21,1,1,0,0,0
200,92,3,17,0,32,0,3,0,0,0
200,93,3,18,2,1,0,1,0,0,0
200,94,3,19,1,0,3,4,0,0,0
200,95,3,20,0,0,2,3,0,0,0
200,96,3,21,0,0,1,3,0,0,0
200,97,3,22,10,8,0,2,0,0,0
200,98,3,23,0,1,1,1,0,0,0
200,99,3,24,0,0,3,0,0,0,0
200,100,4,0,0,0,4,1,0,0,0
200,101,4,1,2,0,0,0,0,0,0
200,102,4,2,0,0,3,0,0,0,0
200,103,4,3,0,0,1,1,0,0,0
200,104,4,4,0,0,2,2,0,0,0
200,105,4,5,1,1,1,0,0,0,0
200,106,4,6,0,0,0,1,0,0,0
200,107,4,7,0,0,3,0,0,0,0
200,108,4,8,8,1,1,1,0,0,0
200,109,4,9,0,0,4,1,0,0,0
200,110,4,10,0,0,1,3,0,0,0
200,111,4,11,1,0,3,2,0,0,0
200,112,4,12,0,1,1,1,0,0,0
200,113,4,13,22,3,2,1,0,0,0
200,114,4,14,23,7,0,2,0,0,0
200,115,4,15,0,0,1,1,0,0,0
200,116,4,16,2,0,2,2,0,0,0
200,117,4,17,0,0,0,0,0,0,0
200,118,4,18,0,1,0,0,0,0,0
200,119,4,19,22,4,0,1,0,0,0
200,120,4,20,18,36,2,0,0,0,0
200,121,4,21,3,28,0,0,0,0,0
200,122,4,22,3,0,0,1,0,0,0
200,123,4,23,0,20,1,2,0,0,0
200,124,4,24,0,0,1,0,0,0,0
200,125,5,0,0,0,2,0,0,0,0
200,126,5,1,0,0,3,1,0,0,0
200,127,5,2,4,0,0,1,0,0,0
200,128,5,3,0,5,0,0,0,0,0
200,129,5,4,0,0,0,1,0,0,0
200,130,5,5,0,0,3,2,0,0,0
200,131,5,6,0,2,2,1,0,0,0
200,132,5,7,0,0,0,0,0,0,0
200,133,5,8,22,1,0,0,0,0,0
200,134,5,9,0,23,0,2,0,0,0
200,135,5,10,9,0,2,1,0,0,0
200,136,5,11,15,0,1,2,0,0,0
200,137,5,12,1,2,2,1,0,0,0
200,138,5,13,38,0,0,0,0,0,0
200,139,5,14,0,11,3,0,0,0,0
200,140,5,15,10,0,0,2,0,0,0
200,141,5,16,1,0,0,0,0,0,0
200,142,5,17,0,12,1,1,0,0,0
200,143,5,18,0,2,2,0,0,0,0
200,144,5,19,0,0,1,3,0,0,0
200,145,5,20,14,0,1,1,0,0,0
200,146,5,21,25,0,0,3,0,0,0
200,147,5,22,0,25,2,1,0,0,0
200,148,5,23,2,2,1,0,0,0,0
200,149,5,24,0,0,2,2,0,0,0
200,150,6,0,0,0,5,7,0,0,0
200,151,6,1,0,0,2,1,0,0,0
200,152,6,2,0,0,1,0,0,0,0
200,153,6,3,0,0,1,5,0,0,0
200,154,6,4,0,0,4,0,0,0,0
200,155,6,5,0,0,2,3,0,0,0
200,156,6,6,0,0,4,1,0,0,0
200,157,6,7,2,0,0,1,0,0,0
200,158,6,8,0,0,1,3,0,0,0
200,159,6,9,5,1,1,1,0,0,0
200,160,6,10,0,8,0,1,0,0,0
200,161,6,11,18,0,0,0,0,0,0
200,162,6,12,0,0,1,0,0,0,0
200,163,6,13,0,0,4,2,0,0,0
200,164,6,14,11,9,1,1,0,0,0
200,165,6,15,0,18,1,2,0,0,0
200,166,6,16,2,0,0,1,0,0,0
200,167,6,17,18,0,2,2,0,0,0
200,168,6,18,0,22,0,2,0,0,0
200,169,6,19,4,8,0,0,0,0,0
200,170,6,20,14,0,1,1,0,0,0
200,171,6,21,13,4,1,3,0,0,0
200,172,6,22,20,16,0,0,0,0,0
200,173,6,23,0,16,3,0,0,0,0
200,174,6,24,33,0,1,2,0,0,0
200,175,7,0,0,0,1,0,0,0,0
200,176,7,1,2,0,0,1,0,0,0
200,177,7,2,0,0,0,4,0,0,0
200,178,7,3,0,0,4,2,0,0,0
200,179,7,4,3,0,0,4,0,0,0
200,180,7,5,3,0,0,1,0,0,0
200,181,7,6,0,1,2,1,0,0,0
200,182,7,7,12,2,0,0,0,0,0
200,183,7,8,0,0,2,1,0,0,0
200,184,7,9,0,16,2,0,0,0,0
200,185,7,10,0,0,0,0,0,0,0
200,186,7,11,8,0,0,2,0,0,0
200,187,7,12,0,3,0,1,0,0,0
200,188,7,13,1,0,0,0,0,0,0
200,189,7,14,1,22,1,0,0,0,0
200,190,7,15,0,1,2,1,0,0,0
200,191,7,16,0,0,0,1,0,0,0
200,192,7,17,19,7,4,2,0,0,0
200,193,7,18,5,0,0,1,0,0,0
200,194,7,19,6,0,2,0,0,0,0
200,195,7,20,0,5,1,0,0,0,0
200,196,7,21,0,18,0,0,0,0,0
200,197,7,22,0,6,2,1,0,0,0
200,198,7,23,0,2,1,1,0,0,0
200,199,7,24,27,0,0,1,0,0,0
200,200,8,0,0,0,4,2,0,0,0
200,201,8,1,0,0,2,2,0,0,0
200,202,8,2,0,0,1,0,0,0,0
200,203,8,3,0,0,1,0,0,0,0
200,204,8,4,0,1,1,0,0,0,0
200,205,8,5,0,0,2,3,0,0,0
200,206,8,6,0,0,1,0,0,0,0
200,207,8,7,0,15,3,2,0,0,0
200,208,8,8,0,0,2,2,0,0,0
200,209,8,9,0,5,3,0,0,0,0
200,210,8,10,0,0,4,1,0,0,0
200,211,8,11,0,0,2,1,0,0,0
200,212,8,12,0,12,1,0,0,0,0
200,213,8,13,15,1,0,1,0,0,0
200,214,8,14,1,0,2,5,0,0,0
200,215,8,15,1,4,2,0,0,0,0
200,216,8,16,0,1,0,2,0,0,0
200,217,8,17,0,17,0,0,0,0,0
200,218,8,18,6,7,0,0,0,0,0
200,219,8,19,0,33,0,2,0,0,0
200,220,8,20,0,4,2,0,0,0,0
200,221,8,21,13,0,3,2,0,0,0
200,222,8,22,10,2,0,1,0,0,0
200,223,8,23,3,23,2,3,0,0,0
200,224,8,24,21,0,1,1,0,0,0
200,225,9,0,0,0,2,1,0,0,0
200,226,9,1,0,1,0,3,0,0,0
200,227,9,2,0,13,0,0,0,0,0
200,228,9,3,0,0,4,1,0,0,0
200,229,9,4,3,3,1,3,0,0,0
200,230,9,5,0,0,0,1,0,0,0
200,231,9,6,0,0,1,1,0,0,0
200,232,9,7,0,0,2,0,0,0,0
200,233,9,8,11,0,1,1,0,0,0
200,234,9,9,0,3,1,0,0,0,0
200,235,9,10,1,0,1,2,0,0,0
200,236,9,11,0,0,0,0,0,0,0
200,237,9,12,0,0,3,0,0,0,0
200,238,9,13,15,14,1,1,0,0,0
200,239,9,14,15,7,2,3,0,0,0
200,240,9,15,0,1,4,2,0,0,0
200,241,9,16,0,8,2,2,0,0,0
200,242,9,17,2,6,0,0,0,0,0
200,243,9,18,0,0,2,1,0,0,0
200,244,9,19,0,5,2,2,0,0,0
200,245,9,20,7,0,0,1,0,0,0
200,246,9,21,23,12,1,1,0,0,0
200,247,9,22,12,15,2,0,0,0,0
200,248,9,23,6,29,1,0,0,0,0
200,249,9,24,26,20,2,0,0,0,0
200,250,10,0,0,0,3,0,0,0,0
200,251,10,1,29,0,0,1,0,0,0
200,252,10,2,15,0,0,0,0,0,0
200,253,10,3,0,0,4,0,0,0,0
200,254,10,4,1,0,2,1,0,0,0
200,255,10,5,0,0,3,1,0,0,0
200,256,10,6,2,2,2,1,0,0,0
200,257,10,7,1,5,1,2,0,0,0
200,258,10,8,11,15,0,4,0,0,0
200,259,10,9,15,0,0,2,0,0,0
200,260,10,10,18,0,2,4,0,0,0
200,261,10,11,1,0,1,0,0,0,0
200,262,10,12,0,1,0,3,0,0,0
200,263,10,13,0,0,1,4,0,0,0
200,264,10,14,0,0,0,2,0,0,0
200,265,10,15,19,0,1,2,0,0,0
200,266,10,16,1,1,3,1,0,0,0
200,267,10,17,0,1,4,1,0,0,0
200,268,10,18,0,4,1,1,0,0,0
200,269,10,19,21,3,0,3,0,0,0
200,270,10,20,0,12,2,2,0,0,0
200,271,10,21,0,25,2,0,0,0,0
200,272,10,22,44,30,0,0,0,0,0
200,273,10,23,0,2,0,0,0,0,0
200,274,10,24,0,0,2,1,0,0,0
200,275,11,0,0,0,0,1,0,0,0
200,276,11,1,0,9,1,1,0,0,0
200,277,11,2,0,1,1,0,0,0,0
200,278,11,3,16,0,2,1,0,0,0
200,279,11,4,0,1,0,0,0,0,0
200,280,11,5,0,0,0,0,0,0,0
200,281,11,6,0,0,2,0,0,0,0
200,282,11,7,0,1,1,0,0,0,0
200,283,11,8,0,0,1,3,0,0,0
200,284,11,9,0,0,1,0,0,0,0
200,285,11,10,0,11,2,0,0,0,0
200,286,11,11,1,4,0,0,0,0,0
200,287,11,12,0,3,0,1,0,0,0
200,288,11,13,0,0,0,2,0,0,0
200,289,11,14,0,8,2,1,0,0,0
200,290,11,15,1,0,2,1,0,0,0
200,291,11,16,3,10,0,1,0,0,0
200,292,11,17,0,14,0,0,0,0,0
200,293,11,18,0,6,0,0,0,0,0
200,294,11,19,5,1,0,0,0,0,0
200,295,11,20,19,6,1,0,0,0,0
200,296,11,21,28,7,1,2,0,0,0
200,297,11,22,19,21,1,1,0,0,0
200,298,11,23,0,13,1,1,0,0,0
200,299,11,24,1,8,1,0,0,0,0
200,300,12,0,0,0,2,3,0,0,0
200,301,12,1,16,0,2,5,0,0,0
200,302,12,2,0,0,2,0,0,0,0
200,303,12,3,0,0,1,1,0,0,0
200,304,12,4,0,0,2,3,0,0,0
200,305,12,5,0,0,1,1,0,0,0
200,306,12,6,0,1,3,0,0,0,0
200,307,12,7,0,1,1,1,0,0,0
200,308,12,8,18,0,1,4,0,0,0
200,309,12,9,0,7,0,2,0,0,0
200,310,12,10,1,0,2,2,0,0,0
200,311,12,11,1,9,4,0,0,0,0
200,312,12,12,0,0,0,3,0,0,0
200,313,12,13,2,0,1,1,0,0,0
200,314,12,14,0,0,2,1,0,0,0
200,315,12,15,0,26,1,4,0,0,0
200,316,12,16,18,13,1,1,0,0,0
200,317,12,17,2,32,0,0,0,0,0
200,318,12,18,41,33,0,1,0,0,0
200,319,12,19,1,11,3,1,0,0,0
200,320,12,20,0,23,2,0,0,0,0
200,321,12,21,23,12,2,0,0,0,0
200,322,12,22,1,14,2,0,0,0,0
200,323,12,23,1,23,0,0,0,0,0
200,324,12,24,19,8,0,2,0,0,0
200,325,13,0,0,0,4,0,0,0,0
200,326,13,1,0,0,1,1,0,0,0
200,327,13,2,0,0,0,0,0,0,0
200,328,13,3,0,0,0,4,0,0,0
200,329,13,4,11,0,1,1,0,0,0
200,330,13,5,0,0,3,3,0,0,0
200,331,13,6,10,0,1,2,0,0,0
200,332,13,7,8,0,1,1,0,0,0
200,333,13,8,0,0,4,2,0,0,0
200,334,13,9,0,13,3,0,0,0,0
200,335,13,10,4,0,3,1,0,0,0
200,336,13,11,0,15,4,1,0,0,0
200,337,13,12,0,0,1,2,0,0,0
200,338,13,13,0,0,0,2,0,0,0
200,339,13,14,0,21,1,2,0,0,0
200,340,13,15,0,26,2,0,0,0,0
200,341,13,16,4,10,1,0,0,0,0
200,342,13,17,0,0,0,2,0,0,0
200,343,13,18,4,0,1,2,0,0,0
200,344,13,19,7,5,0,1,0,0,0
200,345,13,20,0,0,1,0,0,0,0
200,346,13,21,25,9,1,0,0,0,0
200,347,13,22,25,1,0,2,0,0,0
200,348,13,23,14,0,0,0,0,0,0
200,349,13,24,0,1,2,5,0,0,0
200,350,14,0,0,0,2,2,0,0,0
200,351,14,1,2,0,0,2,0,0,0
200,352,14,2,1,0,1,2,0,0,0
200,353,14,3,0,0,3,1,0,0,0
200,354,14,4,0,3,2,5,0,0,0
200,355,14,5,0,0,1,1,0,0,0
200,356,14,6,0,0,1,1,0,0,0
200,357,14,7,0,1,1,0,0,0,0
200,358,14,8,4,7,1,1,0,0,0
200,359,14,9,0,0,0,1,0,0,0
200,360,14,10,21,17,0,0,0,0,0
200,361,14,11,3,19,2,0,0,0,0
200,362,14,12,0,22,2,0,0,0,0
200,363,14,13,0,21,1,0,0,0,0
200,364,14,14,4,0,0,1,0,0,0
200,365,14,15,2,0,6,1,0,0,0
200,366,14,16,10,0,0,4,0,0,0
200,367,14,17,4,37,0,0,0,0,0
200,368,14,18,0,7,0,0,0,0,0
200,369,14,19,0,0,3,0,0,0,0
200,370,14,20,13,15,1,2,0,0,0
200,371,14,21,11,4,2,1,0,0,0
200,372,14,22,38,29,0,0,0,0,0
200,373,14,23,1,8,3,1,0,0,0
200,374,14,24,21,17,0,1,0,0,0
200,375,15,0,0,0,0,0,0,0,0
200,376,15,1,1,0,0,3,0,0,0
200,377,15,2,1,0,2,0,0,0,0
200,378,15,3,6,0,0,0,0,0,0
200,379,15,4,2,0,1,1,0,0,0
200,380,15,5,0,0,1,1,0,0,0
200,381,15,6,0,15,2,0,0,0,0
200,382,15,7,2,0,3,2,0,0,0
200,383,15,8,3,12,0,2,0,0,0
200,384,15,9,15,0,1,1,0,0,0
200,385,15,10,11,1,0,1,0,0,0
200,386,15,11,0,4,0,1,0,0,0
200,387,15,12,0,20,0,2,0,0,0
200,388,15,13,0,6,2,2,0,0,0
200,389,15,14,0,35,1,0,0,0,0
200,390,15,15,0,0,0,0,0,0,0
200,391,15,16,0,13,0,1,0,0,0
200,392,15,17,7,16,1,1,0,0,0
200,393,15,18,0,1,1,1,0,0,0
200,394,15,19,19,30,0,0,0,0,0
200,395,15,20,27,0,2,2,0,0,0
200,396,15,21,5,0,2,1,0,0,0
200,397,15,22,0,35,0,0,0,0,0
200,398,15,23,0,15,2,2,0,0,0
200,399,15,24,0,1,1,1,0,0,0
200,400,16,0,0,0,3,1,0,0,0
200,401,16,1,16,0,0,0,0,0,0
200,402,16,2,0,0,1,1,0,0,0
200,403,16,3,0,32,1,0,0,0,0
200,404,16,4,40,0,0,5,0,0,0
200,405,16,5,0,0,1,1,0,0,0
200,406,16,6,1,0,2,1,0,0,0
200,407,16,7,0,0,0,1,0,0,0
200,408,16,8,1,0,0,2,0,0,0
200,409,16,9,0,1,1,3,0,0,0
200,410,16,10,0,26,1,1,0,0,0
200,411,16,11,0,5,0,0,0,0,0
200,412,16,12,0,2,4,3,0,0,0
200,413,16,13,17,7,0,1,0,0,0
200,414,16,14,0,0,1,1,0,0,0
200,415,16,15,1,23,0,1,0,0,0
200,416,16,16,33,9,0,3,0,0,0
200,417,16,17,0,24,2,0,0,0,0
200,418,16,18,9,2,0,1,0,0,0
200,419,16,19,0,1,1,0,0,0,0
200,420,16,20,31,7,1,3,0,0,0
200,421,16,21,4,16,2,5,0,0,0
200,422,16,22,27,17,0,0,0,0,0
200,423,16,23,30,8,2,0,0,0,0
200,424,16,24,30,1,0,1,0,0,0
200,425,17,0,0,0,0,2,0,0,0
200,426,17,1,0,0,1,0,0,0,0
200,427,17,2,0,0,1,0,0,0,0
200,428,17,3,10,1,2,0,0,0,0
200,429,17,4,9,25,1,3,0,0,0
200,430,17,5,2,0,2,0,0,0,0
200,431,17,6,0,7,4,2,0,0,0
200,432,17,7,1,0,0,0,0,0,0
200,433,17,8,0,9,0,0,0,0,0
200,434,17,9,0,38,0,4,0,0,0
200,435,17,10,0,0,3,2,0,0,0
200,436,17,11,15,35,0,0,0,0,0
200,437,17,12,0,13,0,1,0,0,0
200,438,17,13,1,2,2,1,0,0,0
200,439,17,14,9,1,2,1,0,0,0
200,440,17,15,0,1,0,1,0,0,0
200,441,17,16,1,26,0,0,0,0,0
200,442,17,17,6,9,0,1,0,0,0
200,443,17,18,20,0,1,4,0,0,0
200,444,17,19,22,26,2,0,0,0,0
200,445,17,20,3,11,0,0,0,0,0
200,446,17,21,0,27,0,1,0,0,0
200,447,17,22,3,37,1,0,0,0,0
200,448,17,23,27,32,0,2,0,0,0
200,449,17,24,18,2,0,0,0,0,0
200,450,18,0,0,0,2,1,0,0,0
200,451,18,1,19,0,1,1,0,0,0
200,452,18,2,0,4,2,0,0,0,0
200,453,18,3,0,6,0,0,0,0,0
200,454,18,4,0,1,0,1,0,0,0
200,455,18,5,0,27,3,0,0,0,0
200,456,18,6,0,0,1,1,0,0,0
200,457,18,7,0,0,0,2,0,0,0
200,458,18,8,0,36,1,1,0,0,0
200,459,18,9,0,1,2,1,0,0,0
200,460,18,10,27,0,2,1,0,0,0
200,461,18,11,0,34,2,1,0,0,0
200,462,18,12,16,1,0,0,0,0,0
200,463,18,13,2,24,1,0,0,0,0
200,464,18,14,0,1,2,3,0,0,0
200,465,18,15,5,0,2,1,0,0,0
200,466,18,16,22,19,1,1,0,0,0
200,467,18,17,22,0,0,1,0,0,0
200,468,18,18,0,1,0,5,0,0,0
200,469,18,19,0,23,1,2,0,0,0
200,470,18,20,19,15,1,1,0,0,0
200,471,18,21,0,26,2,0,0,0,0
200,472,18,22,24,2,3,1,0,0,0
200,473,18,23,13,6,2,0,0,0,0
200,474,18,24,35,21,0,1,0,0,0
200,475,19,0,0,0,0,1,0,0,0
200,476,19,1,1,1,3,1,0,0,0
200,477,19,2,0,0,0,0,0,0,0
200,478,19,3,3,1,1,3,0,0,0
200,479,19,4,0,0,2,3,0,0,0
200,480,19,5,0,8,4,0,0,0,0
200,481,19,6,1,0,0,1,0,0,0
200,482,19,7,0,21,2,1,0,0,0
200,483,19,8,0,7,3,0,0,0,0
200,484,19,9,17,11,1,0,0,0,0
200,485,19,10,0,0,1,0,0,0,0
200,486,19,11,18,5,0,3,0,0,0
200,487,19,12,17,0,3,2,0,0,0
200,488,19,13,0,19,2,0,0,0,0
200,489,19,14,16,0,1,0,0,0,0
200,490,19,15,0,24,0,0,0,0,0
200,491,19,16,12,0,0,3,0,0,0
200,492,19,17,28,22,0,0,0,0,0
200,493,19,18,0,10,5,2,0,0,0
200,494,19,19,18,12,2,2,0,0,0
200,495,19,20,24,14,2,0,0,0,0
200,496,19,21,0,0,2,0,0,0,0
200,497,19,22,14,26,2,1,0,0,0
200,498,19,23,0,0,1,2,0,0,0
200,499,19,24,0,8,0,1,0,0,0
200,500,20,0,0,0,0,1,0,0,0
200,501,20,1,0,0,2,2,0,0,0
200,502,20,2,0,0,1,2,0,0,0
200,503,20,3,3,2,0,1,0,0,0
200,504,20,4,0,0,0,2,0,0,0
200,505,20,5,0,7,1,4,0,0,0
200,506,20,6,0,17,1,0,0,0,0
200,507,20,7,15,11,1,2,0,0,0
200,508,20,8,30,28,0,0,0,0,0
200,509,20,9,0,14,1,2,0,0,0
200,510,20,10,5,2,1,0,0,0,0
200,511,20,11,0,15,2,2,0,0,0
200,512,20,12,6,0,0,0,0,0,0
200,513,20,13,6,2,0,1,0,0,0
200,514,20,14,7,3,1,1,0,0,0
200,515,20,15,0,19,1,0,0,0,0
200,516,20,16,0,0,0,1,0,0,0
200,517,20,17,0,1,0,0,0,0,0
200,518,20,18,23,3,2,2,0,0,0
200,519,20,19,15,2,0,0,0,0,0
200,520,20,20,41,0,1,0,0,0,0
200,521,20,21,0,35,1,1,0,0,0
200,522,20,22,41,0,0,1,0,0,0
200,523,20,23,0,3,3,0,0,0,0
200,524,20,24,2,4,2,0,0,0,0
200,525,21,0,14,0,1,2,0,0,0
200,526,21,1,11,0,0,0,0,0,0
200,527,21,2,8,1,0,0,0,0,0
200,528,21,3,6,0,0,0,0,0,0
200,529,21,4,8,18,0,0,0,0,0
200,530,21,5,0,0,0,2,0,0,0
200,531,21,6,0,0,4,4,0,0,0
200,532,21,7,0,1,0,1,0,0,0
200,533,21,8,0,11,1,0,0,0,0
200,534,21,9,0,1,1,0,0,0,0
200,535,21,10,0,10,3,1,0,0,0
200,536,21,11,1,0,0,1,0,0,0
200,537,21,12,26,9,1,0,0,0,0
200,538,21,13,7,19,1,0,0,0,0
200,539,21,14,0,31,4,0,0,0,0
200,540,21,15,21,6,3,1,0,0,0
200,541,21,16,13,0,0,1,0,0,0
200,542,21,17,0,0,2,4,0,0,0
200,543,21,18,19,28,1,0,0,0,0
200,544,21,19,19,21,0,0,0,0,0
200,545,21,20,28,14,1,0,0,0,0
200,546,21,21,47,34,0,1,0,0,0
200,547,21,22,14,25,1,1,0,0,0
200,548,21,23,18,23,0,0,0,0,0
200,549,21,24,1,0,1,0,0,0,0
200,550,22,0,10,0,1,4,0,0,0
200,551,22,1,11,2,1,1,0,0,0
200,552,22,2,2,6,1,0,0,0,0
200,553,22,3,2,0,2,1,0,0,0
200,554,22,4,0,2,1,1,0,0,0
200,555,22,5,14,2,1,1,0,0,0
200,556,22,6,0,1,0,2,0,0,0
200,557,22,7,0,8,0,0,0,0,0
200,558,22,8,1,11,1,3,0,0,0
200,559,22,9,0,30,2,2,0,0,0
200,560,22,10,11,3,1,3,0,0,0
200,561,22,11,20,1,3,1,0,0,0
200,562,22,12,18,6,0,3,0,0,0
200,563,22,13,23,21,0,2,0,0,0
200,564,22,14,1,28,0,0,0,0,0
200,565,22,15,0,20,1,0,0,0,0
200,566,22,16,10,0,1,0,0,0,0
200,567,22,17,6,24,0,2,0,0,0
200,568,22,18,23,1,0,1,0,0,0
200,569,22,19,30,39,3,0,0,0,0
200,570,22,20,20,28,0,1,0,0,0
200,571,22,21,12,18,1,1,0,0,0
200,572,22,22,19,27,0,3,0,0,0
200,573,22,23,34,4,1,2,0,0,0
200,574,22,24,27,23,0,2,0,0,0
200,575,23,0,0,0,2,1,0,0,0
200,576,23,1,10,0,2,1,0,0,0
200,577,23,2,0,0,1,1,0,0,0
200,578,23,3,1,0,2,3,0,0,0
200,579,23,4,0,0,0,2,0,0,0
200,580,23,5,0,0,3,2,0,0,0
200,581,23,6,17,0,0,0,0,0,0
200,582,23,7,1,4,1,0,0,0,0
200,583,23,8,1,10,0,0,0,0,0
200,584,23,9,1,26,0,1,0,0,0
200,585,23,10,0,3,1,0,0,0,0
200,586,23,11,0,8,0,0,0,0,0
200,587,23,12,10,6,2,3,0,0,0
200,588,23,13,18,0,1,2,0,0,0
200,589,23,14,0,27,0,3,0,0,0
200,590,23,15,19,13,0,0,0,0,0
200,591,23,16,33,0,1,1,0,0,0
200,592,23,17,9,0,0,3,0,0,0
200,593,23,18,21,0,1,2,0,0,0
200,594,23,19,13,4,2,1,0,0,0
200,595,23,20,3,2,1,0,0,0,0
200,596,23,21,20,21,0,0,0,0,0
200,597,23,22,18,26,2,1,0,0,0
200,598,23,23,16,21,0,0,0,0,0
200,599,23,24,21,30,0,1,0,0,0
200,600,24,0,0,0,2,2,0,0,0
200,601,24,1,3,11,1,1,0,0,0
200,602,24,2,25,2,0,1,0,0,0
200,603,24,3,0,0,0,0,0,0,0
200,604,24,4,11,0,5,1,0,0,0
200,605,24,5,1,0,1,3,0,0,0
200,606,24,6,3,0,0,1,0,0,0
200,607,24,7,3,9,0,0,0,0,0
200,608,24,8,1,4,2,0,0,0,0
200,609,24,9,0,0,2,0,0,0,0
200,610,24,10,23,0,0,1,0,0,0
200,611,24,11,2,6,0,0,0,0,0
200,612,24,12,2,21,0,0,0,0,0
200,613,24,13,2,0,0,0,0,0,0
200,614,24,14,24,0,1,2,0,0,0
200,615,24,15,9,11,0,0,0,0,0
200,616,24,16,4,6,6,0,0,0,0
200,617,24,17,1,3,2,1,0,0,0
200,618,24,18,10,0,0,1,0,0,0
200,619,24,19,13,29,1,0,0,0,0
200,620,24,20,37,8,0,0,0,0,0
200,621,24,21,30,2,2,0,0,0,0
200,622,24,22,0,0,1,1,0,0,0
200,623,24,23,13,5,1,0,0,0,0
200,624,24,24,50,13,0,0,0,0,0
300,0,0,0,0,0,5,6,0,0,0
300,1,0,1,0,0,3,2,0,0,0
300,2,0,2,0,0,1,7,0,0,0
300,3,0,3,0,0,2,4,0,0,0
300,4,0,4,0,0,0,0,0,0,0
300,5,0,5,0,0,3,3,0,0,0
300,6,0,6,0,0,1,5,0,0,0
300,7,0,7,1,0,3,1,0,0,0
300,8,0,8,0,0,6,5,0,0,0
300,9,0,9,0,0,1,1,0,0,0
300,10,0,10,0,0,0,0,0,0,0
300,11,0,11,0,0,0,1,0,0,0
300,12,0,12,0,0,1,4,0,0,0
300,13,0,13,0,0,0,2,0,0,0
300,14,0,14,0,0,1,4,0,0,0
300,15,0,15,10,0,3,2,0,0,0
300,16,0,16,0,0,2,3,0,0,0
300,17,0,17,36,0,1,2,0,0,0
300,18,0,18,0,0,3,2,0,0,0
300,19,0,19,0,0,0,0,0,0,0
300,20,0,20,0,0,2,1,0,0,0
300,21,0,21,0,0,0,3,0,0,0
300,22,0,22,11,0,2,3,0,0,0
300,23,0,23,0,0,1,0,0,0,0
300,24,0,24,0,0,3,2,0,0,0
300,25,1,0,0,0,1,1,0,0,0
300,26,1,1,1,0,2,2,0,0,0
300,27,1,2,0,0,3,0,0,0,0
300,28,1,3,0,0,1,2,0,0,0
300,29,1,4,1,10,1,0,0,0,0
300,30,1,5,0,0,0,0,0,0,0
300,31,1,6,0,0,2,1,0,0,0
300,32,1,7,0,4,0,1,0,0,0
300,33,1,8,0,0,1,2,0,0,0
300,34,1,9,0,0,1,1,0,0,0
300,35,1,10,0,0,2,3,0,0,0
300,36,1,11,0,0,3,1,0,0,0
300,37,1,12,0,11,2,2,0,0,0
300,38,1,13,7,0,2,2,0,0,0
300,39,1,14,0,0,0,1,0,0,0
300,40,1,15,1,0,3,2,0,0,0
300,41,1,16,35,0,0,2,0,0,0
300,42,1,17,0,0,1,1,0,0,0
300,43,1,18,0,0,1,2,0,0,0
300,44,1,19,18,0,0,1,0,0,0
300,45,1,20,9,0,1,0,0,0,0
300,46,1,21,1,0,0,2,0,0,0
300,47,1,22,21,1,3,0,0,0,0
300,48,1,23,26,0,0,1,0,0,0
300,49,1,24,7,0,2,0,0,0,0
300,50,2,0,0,0,2,3,0,0,0
300,51,2,1,0,0,4,1,0,0,0
300,52,2,2,0,0,0,3,0,0,0
300,53,2,3,0,0,0,3,0,0,0
300,54,2,4,0,0,2,0,0,0,0
300,55,2,5,0,16,1,1,0,0,0
300,56,2,6,4,0,1,2,0,0,0
300,57,2,7,0,0,1,2,0,0,0
300,58,2,8,7,2,3,0,0,0,0
300,59,2,9,0,17,0,0,0,0,0
300,60,2,10,0,0,0,1,0,0,0
300,61,2,11,0,0,4,1,0,0,0
300,62,2,12,19,3,0,0,0,0,0
300,63,2,13,0,0,1,0,0,0,0
300,64,2,14,0,9,2,0,0,0,0
300,65,2,15,0,0,0,0,0,0,0
300,66,2,16,0,0,1,2,0,0,0
300,67,2,17,4,0,1,0,0,0,0
300,68,2,18,0,24,1,0,0,0,0
300,69,2,19,2,0,2,2,0,0,0
300,70,2,20,0,5,1,0,0,0,0
300,71,2,21,1,0,2,3,0,0,0
300,72,2,22,21,8,3,5,0,0,0
300,73,2,23,8,0,1,2,0,0,0
300,74,2,24,0,6,1,1,0,0,0
300,75,3,0,0,0,0,2,0,0,0
300,76,3,1,0,0,3,2,0,0,0
300,77,3,2,0,0,2,0,0,0,0
300,78,3,3,0,0,1,1,0,0,0
300,79,3,4,0,0,0,0,0,0,0
300,80,3,5,0,0,0,0,0,0,0
300,81,3,6,0,0,2,1,0,0,0
300,82,3,7,6,1,0,3,0,0,0
300,83,3,8,0,0,2,3,0,0,0
300,84,3,9,0,0,1,0,0,0,0
300,85,3,10,0,5,2,1,0,0,0
300,86,3,11,0,0,3,1,0,0,0
300,87,3,12,0,0,1,5,0,0,0
300,88,3,13,2,0,1,1,0,0,0
300,89,3,14,0,0,0,3,0,0,0
300,90,3,15,2,0,1,2,0,0,0
300,91,3,16,0,0,0,1,0,0,0
300,92,3,17,0,13,2,0,0,0,0
300,93,3,18,0,0,2,0,0,0,0
300,94,3,19,0,0,0,0,0,0,0
300,95,3,20,0,5,1,0,0,0,0
300,96,3,21,0,0,1,3,0,0,0
300,97,3,22,27,0,1,1,0,0,0
300,98,3,23,31,0,1,1,0,0,2
300,99,3,24,32,0,0,1,0,0,0
300,100,4,0,0,0,1,5,0,0,0
300,101,4,1,1,0,1,0,0,0,0
300,102,4,2,1,2,0,0,0,0,0
300,103,4,3,0,0,2,2,0,0,0
300,104,4,4,0,0,2,3,0,0,0
300,105,4,5,4,0,0,2,0,0,0
300,106,4,6,0,0,4,1,0,0,0
300,107,4,7,0,30,1,0,0,0,0
300,108,4,8,17,8,1,1,0,0,0
300,109,4,9,0,0,1,0,0,0,0
300,110,4,10,0,0,1,0,0,0,0
300,111,4,11,0,3,1,0,0,0,0
300,112,4,12,2,0,0,0,0,0,0
300,113,4,13,0,1,1,1,0,0,0
300,114,4,14,2,18,1,0,0,0,0
300,115,4,15,10,0,0,2,0,0,0
300,116,4,16,8,1,0,0,0,0,0
300,117,4,17,6,2,1,0,0,0,0
300,118,4,18,0,0,3,0,0,0,0
300,119,4,19,7,0,0,1,0,0,0
300,120,4,20,1,2,2,1,0,0,0
300,121,4,21,13,23,1,0,0,0,0
300,122,4,22,1,8,4,1,0,0,0
300,123,4,23,0,1,2,0,0,0,0
300,124,4,24,5,18,1,1,0,0,0
300,125,5,0,0,0,5,2,0,0,0
300,126,5,1,0,0,1,2,0,0,0
300,127,5,2,0,4,3,0,0,0,0
300,128,5,3,1,0,2,0,0,0,0
300,129,5,4,0,0,1,0,0,0,0
300,130,5,5,7,0,1,1,0,0,0
300,131,5,6,0,0,1,0,0,0,0
300,132,5,7,0,0,5,1,0,0,0
300,133,5,8,0,0,0,4,0,0,0
300,134,5,9,0,0,0,1,0,0,0
300,135,5,10,0,0,2,1,0,0,0
300,136,5,11,0,11,2,2,0,0,0
300,137,5,12,0,0,3,2,0,0,0
300,138,5,13,15,9,0,2,0,0,0
300,139,5,14,0,6,1,1,0,0,0
300,140,5,15,0,0,3,2,0,0,0
300,141,5,16,0,3,2,2,0,0,0
300,142,5,17,16,4,2,0,0,0,0
300,143,5,18,0,14,6,0,0,0,0
300,144,5,19,0,0,0,1,0,0,0
300,145,5,20,17,11,0,1,0,0,0
300,146,5,21,0,40,4,0,0,0,0
300,147,5,22,6,5,1,2,0,0,0
300,148,5,23,10,17,0,0,0,0,0
300,149,5,24,25,17,0,1,0,0,0
300,150,6,0,0,0,1,2,0,0,0
300,151,6,1,0,0,1,2,0,0,0
300,152,6,2,0,0,2,1,0,0,0
300,153,6,3,11,0,0,2,0,0,0
300,154,6,4,0,0,2,2,0,0,0
300,155,6,5,18,0,3,1,0,0,0
300,156,6,6,0,0,2,1,0,0,0
300,157,6,7,0,0,0,0,0,0,0
300,158,6,8,0,0,2,3,0,0,0
300,159,6,9,0,0,0,0,0,0,0
300,160,6,10,0,0,1,2,0,0,0
300,161,6,11,13,0,1,1,0,0,0
300,162,6,12,0,5,0,6,0,0,0
300,163,6,13,0,1,1,1,0,0,0
300,164,6,14,0,15,1,1,0,0,0
300,165,6,15,0,0,1,1,0,0,0
300,166,6,16,1,0,1,1,0,0,0
300,167,6,17,2,0,0,1,0,0,0
300,168,6,18,23,0,1,2,0,0,0
300,169,6,19,0,5,1,0,0,0,0
300,170,6,20,0,23,2,1,0,0,0
300,171,6,21,4,3,0,3,0,0,0
300,172,6,22,9,0,0,2,0,0,0
300,173,6,23,0,14,0,1,0,0,0
300,174,6,24,0,0,2,1,0,0,0
300,175,7,0,0,0,0,1,0,0,0
300,176,7,1,0,0,3,0,0,0,0
300,177,7,2,1,0,2,0,0,0,0
300,178,7,3,2,0,2,1,0,0,0
300,179,7,4,2,1,1,0,0,0,0
300,180,7,5,0,1,0,4,0,0,0
300,181,7,6,0,0,2,1,0,0,0
300,182,7,7,0,0,1,1,0,0,0
300,183,7,8,0,1,2,4,0,0,0
300,184,7,9,0,0,2,0,0,0,0
300,185,7,10,0,0,0,1,0,0,0
300,186,7,11,0,0,1,0,0,0,0
300,187,7,12,0,0,2,1,0,0,0
300,188,7,13,0,0,1,5,0,0,0
300,189,7,14,0,0,1,1,0,0,0
300,190,7,15,0,0,0,1,0,0,0
300,191,7,16,1,33,3,0,0,0,0
300,192,7,17,18,3,0,1,0,0,0
300,193,7,18,1,0,2,0,0,0,0
300,194,7,19,0,0,2,1,0,0,0
300,195,7,20,1,0,0,0,0,0,0
300,196,7,21,0,2,0,1,0,0,0
300,197,7,22,0,0,2,2,0,0,0
300,198,7,23,22,0,0,1,0,0,0
300,199,7,24,0,1,1,0,0,0,0
300,200,8,0,0,0,0,2,0,0,0
300,201,8,1,0,0,2,3,0,0,0
300,202,8,2,0,0,1,1,0,0,0
300,203,8,3,14,4,0,1,0,0,0
300,204,8,4,0,4,1,1,0,0,0
300,205,8,5,0,0,4,0,0,0,0
300,206,8,6,0,10,0,0,0,0,0
300,207,8,7,0,24,2,0,0,0,0
300,208,8,8,24,0,1,1,0,0,0
300,209,8,9,0,0,3,1,0,0,0
300,210,8,10,0,0,1,0,0,0,0
300,211,8,11,14,0,0,1,0,0,0
300,212,8,12,8,12,0,0,0,0,0
300,213,8,13,16,9,0,0,0,0,0
300,214,8,14,0,0,0,2,0,0,0
300,215,8,15,0,9,0,1,0,0,0
300,216,8,16,1,1,0,2,0,0,0
300,217,8,17,17,9,0,1,0,0,0
300,218,8,18,8,25,0,1,0,0,0
300,219,8,19,20,0,0,0,0,0,0
300,220,8,20,5,2,1,1,0,0,0
300,221,8,21,0,1,0,0,0,0,0
300,222,8,22,6,2,2,3,0,0,0
300,223,8,23,0,19,4,0,0,0,0
300,224,8,24,0,25,1,0,0,0,0
300,225,9,0,0,0,2,2,0,0,0
300,226,9,1,2,1,1,0,0,0,0
300,227,9,2,4,0,2,2,0,0,0
300,228,9,3,2,0,2,0,0,0,0
300,229,9,4,0,1,1,3,0,0,0
300,230,9,5,6,0,2,2,0,0,0
300,231,9,6,0,0,1,0,0,0,0
300,232,9,7,0,0,0,2,0,0,0
300,233,9,8,0,0,0,2,0,0,0
300,234,9,9,0,0,0,0,0,0,0
300,235,9,10,0,0,0,2,0,0,0
300,236,9,11,0,0,2,1,0,0,0
300,237,9,12,1,21,3,0,0,0,0
300,238,9,13,0,0,1,2,0,0,0
300,239,9,14,5,0,0,1,0,0,0
300,240,9,15,2,2,2,4,0,0,0
300,241,9,16,0,11,1,0,0,0,0
300,242,9,17,15,2,0,1,0,0,0
300,243,9,18,14,24,0,3,0,0,0
300,244,9,19,23,11,0,0,0,0,0
300,245,9,20,0,0,3,1,0,0,0
300,246,9,21,14,0,0,1,0,0,0
300,247,9,22,0,27,0,3,0,0,0
300,248,9,23,1,0,1,1,0,0,0
300,249,9,24,23,0,0,0,0,0,0
300,250,10,0,0,0,3,3,0,0,0
300,251,10,1,0,0,1,4,0,0,0
300,252,10,2,0,19,2,1,0,0,0
300,253,10,3,0,8,3,1,0,0,0
300,254,10,4,0,8,0,1,0,0,0
300,255,10,5,0,0,1,2,0,0,0
300,256,10,6,0,1,0,1,0,0,0
300,257,10,7,2,1,1,0,0,0,0
300,258,10,8,0,1,4,1,0,0,0
300,259,10,9,0,0,1,1,0,0,0
300,260,10,10,8,0,1,1,0,0,0
300,261,10,11,8,23,0,1,0,0,0
300,262,10,12,0,0,3,0,0,0,0
300,263,10,13,0,17,3,1,0,0,0
300,264,10,14,1,23,2,0,0,0,0
300,265,10,15,2,22,0,0,0,0,0
300,266,10,16,1,2,3,1,0,0,0
300,267,10,17,4,17,3,0,0,0,0
300,268,10,18,0,27,2,0,0,0,0
300,269,10,19,25,12,1,0,0,0,0
300,270,10,20,43,0,1,0,0,0,0
300,271,10,21,5,13,3,0,0,0,0
300,272,10,22,2,0,1,1,0,0,0
300,273,10,23,0,8,2,1,0,0,0
300,274,10,24,0,0,0,0,0,0,0
300,275,11,0,0,0,0,2,0,0,0
300,276,11,1,0,0,2,2,0,0,0
300,277,11,2,0,0,1,1,0,0,0
300,278,11,3,0,1,1,0,0,0,0
300,279,11,4,3,3,2,0,0,0,0
300,280,11,5,0,0,1,2,0,0,0
300,281,11,6,0,1,0,2,0,0,0
300,282,11,7,0,0,2,1,0,0,0
300,283,11,8,0,1,1,1,0,0,0
300,284,11,9,9,5,1,4,0,0,0
300,285,11,10,0,0,0,0,0,0,0
300,286,11,11,16,25,1,2,0,0,0
300,287,11,12,0,0,2,4,0,0,0
300,288,11,13,0,0,2,0,0,0,0
300,289,11,14,11,14,0,2,0,0,0
300,290,11,15,3,8,1,0,0,0,0
300,291,11,16,0,6,3,0,0,0,0
300,292,11,17,12,0,0,1,0,0,0
300,293,11,18,1,22,3,0,0,0,0
300,294,11,19,4,21,2,1,0,0,0
300,295,11,20,18,0,0,1,0,0,0
300,296,11,21,1,19,1,2,0,0,0
300,297,11,22,35,19,0,1,0,0,0
300,298,11,23,0,9,0,0,0,0,0
300,299,11,24,0,0,0,1,0,0,0
300,300,12,0,0,0,4,2,0,0,0
300,301,12,1,8,0,0,2,0,0,0
300,302,12,2,0,6,2,0,0,0,0
300,303,12,3,0,0,1,1,0,0,0
300,304,12,4,0,0,2,2,0,0,0
300,305,12,5,0,0,0,2,0,0,0
300,306,12,6,0,0,2,2,0,0,0
300,307,12,7,0,0,1,1,0,0,0
300,308,12,8,1,17,4,0,0,0,0
300,309,12,9,6,0,2,1,0,0,0
300,310,12,10,0,9,3,0,0,0,0
300,311,12,11,14,3,0,0,0,0,0
300,312,12,12,0,0,1,1,0,0,0
300,313,12,13,10,3,0,1,0,0,0
300,314,12,14,18,3,0,3,0,0,0
300,315,12,15,1,0,1,0,0,0,0
300,316,12,16,0,45,2,0,0,0,0
300,317,12,17,1,24,1,1,0,0,0
300,318,12,18,8,10,0,0,0,0,0
300,319,12,19,30,17,0,1,0,0,0
300,320,12,20,20,30,0,0,0,0,0
300,321,12,21,0,20,1,1,0,0,0
300,322,12,22,30,2,1,0,0,0,0
300,323,12,23,15,1,0,2,0,0,0
300,324,12,24,8,12,3,0,0,0,0
300,325,13,0,0,0,2,0,0,0,0
300,326,13,1,11,0,2,0,0,0,0
300,327,13,2,0,2,2,1,0,0,0
300,328,13,3,0,0,3,2,0,0,0
300,329,13,4,0,16,1,0,0,0,0
300,330,13,5,0,0,0,3,0,0,0
300,331,13,6,1,0,1,0,0,0,0
300,332,13,7,32,0,1,2,0,0,0
300,333,13,8,3,18,2,0,0,0,0
300,334,13,9,5,0,4,2,0,0,0
300,335,13,10,0,13,2,1,0,0,0
300,336,13,11,12,9,1,0,0,0,0
300,337,13,12,2,0,0,1,0,0,0
300,338,13,13,0,1,1,3,0,0,0
300,339,13,14,1,2,3,0,0,0,0
300,340,13,15,16,24,0,0,0,0,0
300,341,13,16,32,22,0,0,0,0,0
300,342,13,17,3,9,2,0,0,0,0
300,343,13,18,0,0,1,1,0,0,0
300,344,13,19,0,0,1,2,0,0,0
300,345,13,20,6,0,1,2,0,0,0
300,346,13,21,0,19,4,0,0,0,0
300,347,13,22,20,15,0,2,0,0,0
300,348,13,23,30,0,0,2,0,0,0
300,349,13,24,16,4,1,1,0,0,0
300,350,14,0,0,0,1,0,0,0,0
300,351,14,1,0,16,2,1,0,0,0
300,352,14,2,1,0,4,2,0,0,0
300,353,14,3,0,0,2,2,0,0,0
300,354,14,4,6,0,1,3,0,0,0
300,355,14,5,0,0,2,3,0,0,0
300,356,14,6,0,35,2,1,0,0,0
300,357,14,7,0,0,2,0,0,0,0
300,358,14,8,2,1,0,1,0,0,0
300,359,14,9,2,0,1,0,0,0,0
300,360,14,10,11,0,4,2,0,0,0
300,361,14,11,0,0,1,2,0,0,0
300,362,14,12,20,2,2,3,0,0,0
300,363,14,13,0,22,4,0,0,0,0
300,364,14,14,16,0,0,3,0,0,0
300,365,14,15,0,0,0,2,0,0,0
300,366,14,16,5,10,1,2,0,0,0
300,367,14,17,1,0,0,2,0,0,0
300,368,14,18,13,0,0,1,0,0,0
300,369,14,19,0,0,0,3,0,0,0
300,370,14,20,23,7,0,1,0,0,0
300,371,14,21,0,41,1,3,0,0,0
300,372,14,22,40,1,0,3,0,0,0
300,373,14,23,3,19,0,0,0,0,0
300,374,14,24,31,9,0,1,0,0,0
300,375,15,0,0,1,1,0,0,0,0
300,376,15,1,1,4,0,0,0,0,0
300,377,15,2,0,0,2,0,0,0,0
300,378,15,3,0,1,1,1,0,0,0
300,379,15,4,0,0,0,0,0,0,0
300,380,15,5,0,0,1,1,0,0,0
300,381,15,6,0,0,1,1,0,0,0
300,382,15,7,0,0,0,1,0,0,0
300,383,15,8,7,0,0,0,0,0,0
300,384,15,9,0,0,0,2,0,0,0
300,385,15,10,11,0,1,2,0,0,0
300,386,15,11,32,7,0,0,0,0,0
300,387,15,12,21,0,0,3,0,0,0
300,388,15,13,5,0,0,0,0,0,0
300,389,15,14,0,0,3,1,0,0,0
300,390,15,15,0,8,1,3,0,0,0
300,391,15,16,0,0,1,0,0,0,0
300,392,15,17,1,44,1,0,0,0,0
300,393,15,18,0,48,2,1,0,0,0
300,394,15,19,12,6,0,0,0,0,0
300,395,15,20,6,22,2,1,0,0,0
300,396,15,21,0,1,0,1,0,0,0
300,397,15,22,27,24,0,0,0,0,0
300,398,15,23,20,39,0,0,0,0,0
300,399,15,24,6,43,2,1,0,0,0
300,400,16,0,0,0,4,1,0,0,0
300,401,16,1,2,0,4,1,0,0,0
300,402,16,2,0,0,0,1,0,0,0
300,403,16,3,1,12,1,2,0,0,0
300,404,16,4,1,2,0,4,0,0,0
300,405,16,5,4,0,1,0,0,0,0
300,406,16,6,2,0,0,0,0,0,0
300,407,16,7,0,1,1,2,0,0,0
300,408,16,8,33,22,0,0,0,0,0
300,409,16,9,6,19,2,0,0,0,0
300,410,16,10,0,8,4,0,0,0,0
300,411,16,11,6,0,2,0,0,0,0
300,412,16,12,3,11,0,5,0,0,0
300,413,16,13,23,38,0,1,0,0,0
300,414,16,14,0,18,1,1,0,0,0
300,415,16,15,7,49,0,0,0,0,0
300,416,16,16,21,17,1,0,0,0,0
300,417,16,17,19,8,0,1,0,0,0
300,418,16,18,0,0,1,2,0,0,0
300,419,16,19,9,8,0,0,0,0,0
300,420,16,20,0,0,3,0,0,0,0
300,421,16,21,16,23,0,3,0,0,0
300,422,16,22,19,32,0,2,0,0,0
300,423,16,23,13,0,2,1,0,0,0
300,424,16,24,21,31,1,1,0,0,0
300,425,17,0,0,0,1,1,0,0,0
300,426,17,1,0,0,4,3,0,0,0
300,427,17,2,0,0,1,2,0,0,0
300,428,17,3,0,10,1,2,0,0,0
300,429,17,4,0,0,1,1,0,0,0
300,430,17,5,0,0,1,1,0,0,0
300,431,17,6,0,10,2,1,0,0,0
300,432,17,7,0,0,1,0,0,0,0
300,433,17,8,0,1,0,1,0,0,0
300,434,17,9,0,1,2,1,0,0,0
300,435,17,10,5,4,2,0,0,0,0
300,436,17,11,9,5,1,2,0,0,0
300,437,17,12,4,0,1,1,0,0,0
300,438,17,13,10,4,0,0,0,0,0
300,439,17,14,0,4,2,2,0,0,0
300,440,17,15,0,0,0,0,0,0,0
300,441,17,16,2,20,0,1,0,0,0
300,442,17,17,0,1,1,0,0,0,0
300,443,17,18,5,0,1,1,0,0,0
300,444,17,19,32,39,0,0,0,0,0
300,445,17,20,0,25,0,0,0,0,0
300,446,17,21,33,9,0,2,0,0,0
300,447,17,22,30,12,0,0,0,0,0
300,448,17,23,0,44,2,0,0,0,0
300,449,17,24,0,29,2,1,0,0,0
300,450,18,0,0,0,3,3,0,0,0
300,451,18,1,0,0,2,0,0,0,0
300,452,18,2,0,0,1,1,0,0,0
300,453,18,3,5,17,1,0,0,0,0
300,454,18,4,0,0,2,0,0,0,0
300,455,18,5,9,0,1,2,0,0,0
300,456,18,6,0,0,2,3,0,0,0
300,457,18,7,0,0,0,2,0,0,0
300,458,18,8,20,27,1,1,0,0,0
300,459,18,9,10,0,0,2,0,0,0
300,460,18,10,7,0,1,2,0,0,0
300,461,18,11,20,14,1,1,0,0,0
300,462,18,12,1,0,1,0,0,0,0
300,463,18,13,0,2,1,0,0,0,0
300,464,18,14,12,14,1,1,0,0,0
300,465,18,15,0,1,1,2,0,0,0
300,466,18,16,2,24,2,1,0,0,0
300,467,18,17,16,16,0,0,0,0,0
300,468,18,18,0,9,1,0,0,0,0
300,469,18,19,5,2,1,2,0,0,0
300,470,18,20,5,12,2,0,0,0,0
300,471,18,21,31,30,0,0,0,0,0
300,472,18,22,9,18,1,1,0,0,0
300,473,18,23,0,18,4,0,0,0,0
300,474,18,24,12,0,1,3,0,0,0
300,475,19,0,18,3,1,0,0,0,0
300,476,19,1,0,0,0,0,0,0,0
300,477,19,2,0,16,2,1,0,0,0
300,478,19,3,0,14,1,1,0,0,0
300,479,19,4,0,2,0,3,0,0,0
300,480,19,5,0,26,1,2,0,0,0
300,481,19,6,10,2,1,0,0,0,0
300,482,19,7,0,0,0,0,0,0,0
300,483,19,8,1,3,3,1,0,0,0
300,484,19,9,25,3,1,1,0,0,0
300,485,19,10,9,0,0,1,0,0,0
300,486,19,11,0,1,1,1,0,0,0
300,487,19,12,0,16,1,0,0,0,0
300,488,19,13,5,23,2,2,0,0,0
300,489,19,14,2,0,1,2,0,0,0
300,490,19,15,0,0,1,4,0,0,0
300,491,19,16,0,5,0,0,0,0,0
300,492,19,17,0,21,1,0,0,0,0
300,493,19,18,19,24,2,0,0,0,0
300,494,19,19,35,8,0,2,0,0,0
300,495,19,20,8,0,2,3,0,0,0
300,496,19,21,7,3,0,0,0,0,0
300,497,19,22,20,25,2,0,0,0,0
300,498,19,23,3,12,1,0,0,0,0
300,499,19,24,1,30,0,0,0,0,0
300,500,20,0,0,0,0,0,0,0,0
300,501,20,1,0,0,3,3,0,0,0
300,502,20,2,0,4,0,1,0,0,0
300,503,20,3,22,7,0,2,0,0,0
300,504,20,4,0,0,1,0,0,0,0
300,505,20,5,0,0,2,2,0,0,0
300,506,20,6,0,10,2,1,0,0,0
300,507,20,7,1,2,0,0,0,0,0
300,508,20,8,3,0,0,1,0,0,0
300,509,20,9,0,0,4,2,0,0,0
300,510,20,10,1,1,1,2,0,0,0
300,511,20,11,16,19,1,0,0,0,0
300,512,20,12,3,18,1,1,0,0,0
300,513,20,13,0,43,1,2,0,0,0
300,514,20,14,3,42,0,0,0,0,0
300,515,20,15,0,6,0,0,0,0,0
300,516,20,16,37,4,0,0,0,0,0
300,517,20,17,0,21,5,3,0,0,0
300,518,20,18,5,33,0,1,0,0,0
300,519,20,19,1,0,2,1,0,0,0
300,520,20,20,27,20,1,0,0,0,0
300,521,20,21,10,20,3,1,0,0,0
300,522,20,22,2,3,0,0,0,0,0
300,523,20,23,25,6,0,0,0,0,0
300,524,20,24,41,11,2,1,0,0,0
300,525,21,0,2,0,2,2,0,0,0
300,526,21,1,11,0,1,0,0,0,0
300,527,21,2,0,0,1,2,0,0,0
300,528,21,3,0,10,4,0,0,0,0
300,529,21,4,7,0,2,3,0,0,0
300,530,21,5,0,0,0,1,0,0,0
300,531,21,6,19,4,0,0,0,0,0
300,532,21,7,0,0,2,1,0,0,0
300,533,21,8,5,0,0,0,0,0,0
300,534,21,9,0,2,0,3,0,0,0
300,535,21,10,0,7,0,1,0,0,0
300,536,21,11,0,19,0,1,0,0,0
300,537,21,12,33,23,0,0,0,0,0
300,538,21,13,0,11,2,1,0,0,0
300,539,21,14,0,25,2,0,0,0,0
300,540,21,15,0,7,0,0,0,0,0
300,541,21,16,0,5,4,1,0,0,0
300,542,21,17,26,0,0,2,0,0,0
300,543,21,18,18,20,0,0,0,0,0
300,544,21,19,30,21,0,0,0,0,0
300,545,21,20,21,0,0,2,0,0,0
300,546,21,21,0,15,0,0,0,0,0
300,547,21,22,35,16,0,1,0,0,0
300,548,21,23,33,4,0,2,0,0,0
300,549,21,24,1,3,0,1,0,0,0
300,550,22,0,2,6,2,0,0,0,0
300,551,22,1,20,0,2,1,0,0,0
300,552,22,2,0,0,2,1,0,0,0
300,553,22,3,0,0,0,2,0,0,0
300,554,22,4,0,0,1,1,0,0,0
300,555,22,5,14,7,1,0,0,0,0
300,556,22,6,0,0,1,1,0,0,0
300,557,22,7,10,2,2,2,0,0,0
300,558,22,8,21,17,0,2,0,0,0
300,559,22,9,7,22,0,0,0,0,0
300,560,22,10,0,33,1,1,0,0,0
300,561,22,11,12,24,0,1,0,0,0
300,562,22,12,2,0,0,4,0,0,0
300,563,22,13,4,12,1,0,0,0,0
300,564,22,14,8,24,1,0,0,0,0
300,565,22,15,36,1,0,2,0,0,0
300,566,22,16,12,37,1,0,0,0,0
300,567,22,17,1,10,1,0,0,0,0
300,568,22,18,3,21,1,1,0,0,0
300,569,22,19,0,11,0,1,0,0,0
300,570,22,20,16,1,0,0,0,0,0
300,571,22,21,33,13,0,4,0,0,0
300,572,22,22,37,42,2,0,0,0,0
300,573,22,23,30,20,1,3,0,0,0
300,574,22,24,27,27,0,0,0,0,0
300,575,23,0,0,0,3,0,0,0,0
300,576,23,1,11,0,0,0,0,0,0
300,577,23,2,0,0,0,2,0,0,0
300,578,23,3,20,0,2,3,0,0,0
300,579,23,4,7,5,2,1,0,0,0
300,580,23,5,0,8,0,2,0,0,0
300,581,23,6,18,2,0,0,0,0,0
300,582,23,7,0,0,1,2,0,0,0
300,583,23,8,2,0,0,0,0,0,0
300,584,23,9,5,19,0,0,0,0,0
300,585,23,10,0,31,0,0,0,0,0
300,586,23,11,32,27,0,0,0,0,0
300,587,23,12,0,0,1,2,0,0,0
300,588,23,13,22,0,0,0,0,0,0
300,589,23,14,1,22,0,0,0,0,0
300,590,23,15,10,13,0,0,0,0,0
300,591,23,16,23,3,0,7,0,0,0
300,592,23,17,11,1,0,1,0,0,0
300,593,23,18,1,5,1,2,0,0,0
300,594,23,19,29,27,0,1,0,0,0
300,595,23,20,14,33,0,0,0,0,0
300,596,23,21,27,21,0,0,0,0,0
300,597,23,22,35,2,0,1,0,0,0
300,598,23,23,0,0,3,1,0,0,0
300,599,23,24,0,45,0,2,0,0,0
300,600,24,0,0,0,4,2,0,0,0
300,601,24,1,3,0,0,0,0,0,0
300,602,24,2,1,0,1,1,0,0,0
300,603,24,3,0,0,0,0,0,0,0
300,604,24,4,0,1,2,0,0,0,0
300,605,24,5,0,0,0,0,0,0,0
300,606,24,6,0,0,3,1,0,0,0
300,607,24,7,0,1,1,1,0,0,0
300,608,24,8,0,1,2,1,0,0,0
300,609,24,9,0,1,3,0,0,0,0
300,610,24,10,0,3,1,1,0,0,0
300,611,24,11,28,1,0,1,0,0,0
300,612,24,12,0,34,1,0,0,0,0
300,613,24,13,0,9,2,1,0,0,0
300,614,24,14,30,11,1,1,0,0,0
300,615,24,15,2,0,0,1,0,0,0
300,616,24,16,10,0,2,4,0,0,0
300,617,24,17,0,19,1,1,0,0,0
300,618,24,18,29,31,0,0,0,0,0
300,619,24,19,22,3,2,0,0,0,0
300,620,24,20,3,25,0,1,0,0,0
300,621,24,21,23,37,0,0,0,0,0
300,622,24,22,29,37,0,0,0,0,0
300,623,24,23,28,14,0,0,0,0,0
300,624,24,24,1,3,2,0,0,0,0
400,0,0,0,0,0,5,5,0,0,0
400,1,0,1,0,0,3,1,0,0,0
400,2,0,2,0,0,3,0,0,0,0
400,3,0,3,0,0,2,2,0,0,0
400,4,0,4,0,0,0,2,0,0,0
400,5,0,5,0,0,1,1,0,0,0
400,6,0,6,2,0,0,2,0,0,0
400,7,0,7,0,0,3,2,0,0,0
400,8,0,8,0,0,2,1,0,0,0
400,9,0,9,0,0,2,1,0,0,0
400,10,0,10,0,0,0,2,0,0,0
400,11,0,11,0,0,2,6,0,0,0
400,12,0,12,0,0,0,2,0,0,0
400,13,0,13,0,1,4,0,0,0,0
400,14,0,14,0,0,1,4,0,0,0
400,15,0,15,0,1,0,1,0,0,0
400,16,0,16,1,0,2,0,0,0,0
400,17,0,17,0,0,2,2,0,0,0
400,18,0,18,0,0,0,1,0,0,0
400,19,0,19,0,0,3,0,0,0,0
400,20,0,20,3,0,1,1,0,0,0
400,21,0,21,2,0,0,0,0,0,0
400,22,0,22,0,0,2,0,0,0,0
400,23,0,23,0,0,0,2,0,0,0
400,24,0,24,0,0,0,3,0,0,0
400,25,1,0,0,0,1,1,0,0,0
400,26,1,1,0,0,6,2,0,0,0
400,27,1,2,0,0,1,1,0,0,0
400,28,1,3,0,0,2,1,0,0,0
400,29,1,4,0,0,1,2,0,0,0
400,30,1,5,13,0,3,4,0,0,0
400,31,1,6,0,0,1,0,0,0,0
400,32,1,7,1,0,0,2,0,0,0
400,33,1,8,14,1,0,1,0,0,0
400,34,1,9,0,23,2,2,0,0,0
400,35,1,10,18,1,0,1,0,0,0
400,36,1,11,0,0,3,2,0,0,0
400,37,1,12,0,0,5,1,0,0,0
400,38,1,13,0,0,0,1,0,0,0
400,39,1,14,0,0,3,2,0,0,0
400,40,1,15,5,0,2,2,0,0,0
400,41,1,16,0,0,1,1,0,0,0
400,42,1,17,3,0,0,0,0,0,0
400,43,1,18,20,0,3,0,0,0,0
400,44,1,19,0,2,0,0,0,0,0
400,45,1,20,16,16,0,1,0,0,0
400,46,1,21,0,0,0,3,0,0,0
400,47,1,22,11,19,2,0,0,0,0
400,48,1,23,21,0,2,0,0,0,0
400,49,1,24,7,5,1,0,0,0,0
400,50,2,0,5,0,1,3,0,0,0
400,51,2,1,0,0,2,1,0,0,0
400,52,2,2,0,0,3,1,0,0,0
400,53,2,3,0,0,2,2,0,0,0
400,54,2,4,0,7,3,1,0,0,0
400,55,2,5,0,0,2,2,0,0,0
400,56,2,6,0,0,1,0,0,0,0
400,57,2,7,16,0,1,2,0,0,0
400,58,2,8,0,0,1,0,0,0,0
400,59,2,9,1,13,1,1,0,0,0
400,60,2,10,0,0,1,3,0,0,0
400,61,2,11,5,0,0,2,0,0,0
400,62,2,12,0,22,1,1,0,0,0
400,63,2,13,0,10,1,0,0,0,0
400,64,2,14,1,0,4,1,0,0,0
400,65,2,15,6,3,1,0,0,0,0
400,66,2,16,0,0,1,3,0,0,0
400,67,2,17,5,0,2,1,0,0,0
400,68,2,18,0,0,2,1,0,0,0
400,69,2,19,19,0,2,0,0,0,0
400,70,2,20,0,0,2,1,0,0,0
400,71,2,21,5,3,2,1,0,0,0
400,72,2,22,28,0,1,2,0,0,0
400,73,2,23,0,1,1,1,0,0,0
400,74,2,24,0,0,0,1,0,0,0
400,75,3,0,0,0,4,4,0,0,0
400,76,3,1,0,0,1,1,0,0,0
400,77,3,2,0,0,0,2,0,0,0
400,78,3,3,0,0,1,2,0,0,0
400,79,3,4,1,3,1,1,0,0,0
400,80,3,5,0,1,3,1,0,0,0
400,81,3,6,0,0,1,0,0,0,0
400,82,3,7,0,0,5,0,0,0,0
400,83,3,8,0,0,0,7,0,0,0
400,84,3,9,0,7,2,1,0,0,0
400,85,3,10,2,0,5,1,0,0,0
400,86,3,11,11,5,0,2,0,0,0
400,87,3,12,0,12,2,2,0,0,0
400,88,3,13,0,0,1,2,0,0,0
400,89,3,14,2,16,2,0,0,0,0
400,90,3,15,1,0,0,2,0,0,0
400,91,3,16,12,4,0,1,0,0,0
400,92,3,17,0,15,5,1,0,0,0
400,93,3,18,1,0,2,1,0,0,0
400,94,3,19,0,0,1,3,0,0,0
400,95,3,20,19,12,0,1,0,0,0
400,96,3,21,0,0,1,1,0,0,0
400,97,3,22,17,7,0,1,0,0,0
400,98,3,23,12,10,0,0,0,0,0
400,99,3,24,0,0,0,1,0,0,0
400,100,4,0,0,0,0,3,0,0,0
400,101,4,1,2,0,2,1,0,0,0
400,102,4,2,2,0,0,1,0,0,0
400,103,4,3,0,0,1,1,0,0,0
400,104,4,4,1,0,0,1,0,0,0
400,105,4,5,0,0,3,0,0,0,0
400,106,4,6,12,0,2,1,0,0,0
400,107,4,7,0,0,0,2,0,0,0
400,108,4,8,0,0,0,2,0,0,0
400,109,4,9,2,0,1,0,0,0,0
400,110,4,10,0,0,3,5,0,0,0
400,111,4,11,0,0,0,4,0,0,0
400,112,4,12,9,2,0,1,0,0,0
400,113,4,13,0,0,2,1,0,0,0
400,114,4,14,0,0,1,2,0,0,0
400,115,4,15,0,0,0,2,0,0,0
400,116,4,16,11,0,3,3,0,0,0
400,117,4,17,0,0,2,1,0,0,0
400,118,4,18,1,0,0,2,0,0,0
400,119,4,19,0,0,1,3,0,0,0
400,120,4,20,3,16,0,0,0,0,0
400,121,4,21,4,30,2,0,0,0,0
400,122,4,22,3,15,1,0,0,0,0
400,123,4,23,17,1,2,2,0,0,0
400,124,4,24,0,0,2,3,0,0,0
400,125,5,0,0,0,4,2,0,0,0
400,126,5,1,0,1,4,3,0,0,0
400,127,5,2,3,0,0,2,0,0,0
400,128,5,3,0,1,2,1,0,0,0
400,129,5,4,0,0,4,1,0,0,0
400,130,5,5,0,0,1,1,0,0,0
400,131,5,6,0,0,2,3,0,0,0
400,132,5,7,5,0,1,2,0,0,0
400,133,5,8,0,0,2,0,0,0,0
400,134,5,9,4,1,2,1,0,0,0
400,135,5,10,0,7,3,1,0,0,0
400,136,5,11,16,0,1,0,0,0,0
400,137,5,12,1,0,5,2,0,0,0
400,138,5,13,0,2,0,0,0,0,0
400,139,5,14,0,0,1,4,0,0,0
400,140,5,15,10,1,3,0,0,0,0
400,141,5,16,0,0,1,0,0,0,0
400,142,5,17,6,0,0,0,0,0,0
400,143,5,18,0,0,0,3,0,0,0
400,144,5,19,8,0,2,2,0,0,0
400,145,5,20,3,8,0,0,0,0,0
400,146,5,21,5,7,0,0,0,0,0
400,147,5,22,0,7,2,1,0,0,0
400,148,5,23,25,0,0,1,0,0,0
400,149,5,24,2,11,1,1,0,0,0
400,150,6,0,0,0,2,3,0,0,0
400,151,6,1,9,4,0,1,0,0,0
400,152,6,2,0,0,3,3,0,0,0
400,153,6,3,0,0,1,0,0,0,0
400,154,6,4,0,5,1,1,0,0,0
400,155,6,5,0,0,1,1,0,0,0
400,156,6,6,0,10,0,2,0,0,0
400,157,6,7,0,8,2,1,0,0,0
400,158,6,8,0,0,0,0,0,0,0
400,159,6,9,11,0,1,3,0,0,0
400,160,6,10,0,0,2,2,0,0,0
400,161,6,11,0,0,0,2,0,0,0
400,162,6,12,0,4,0,2,0,0,0
400,163,6,13,0,15,0,1,0,0,0
400,164,6,14,0,0,1,1,0,0,0
400,165,6,15,6,22,0,5,0,0,0
400,166,6,16,0,12,0,0,0,0,0
400,167,6,17,0,13,0,2,0,0,0
400,168,6,18,27,5,1,3,0,0,0
400,169,6,19,8,0,3,1,0,0,0
400,170,6,20,0,0,1,4,0,0,0
400,171,6,21,23,0,3,0,0,0,0
400,172,6,22,0,0,0,2,0,0,0
400,173,6,23,1,6,2,4,0,0,0
400,174,6,24,0,2,1,3,0,0,0
400,175,7,0,0,0,0,1,0,0,0
400,176,7,1,20,0,1,3,0,0,0
400,177,7,2,0,0,1,0,0,0,0
400,178,7,3,0,0,1,3,0,0,0
400,179,7,4,0,1,2,0,0,0,0
400,180,7,5,6,0,1,0,0,0,0
400,181,7,6,2,0,4,1,0,0,0
400,182,7,7,0,0,1,2,0,0,0
400,183,7,8,0,0,1,1,0,0,0
400,184,7,9,6,0,1,1,0,0,0
400,185,7,10,0,0,1,3,0,0,0
400,186,7,11,1,0,0,0,0,0,0
400,187,7,12,0,0,2,0,0,0,0
400,188,7,13,1,0,0,0,0,0,0
400,189,7,14,0,0,1,0,0,0,0
400,190,7,15,0,0,0,0,0,0,0
400,191,7,16,0,1,3,1,0,0,0
400,192,7,17,0,2,2,0,0,0,0
400,193,7,18,1,23,1,2,0,0,0
400,194,7,19,0,40,2,2,0,0,0
400,195,7,20,0,7,0,0,0,0,0
400,196,7,21,13,4,0,0,0,0,0
400,197,7,22,20,5,1,1,0,0,0
400,198,7,23,32,11,0,1,0,0,0
400,199,7,24,2,3,5,1,0,0,0
400,200,8,0,0,0,1,2,0,0,0
400,201,8,1,2,21,1,1,0,0,0
400,202,8,2,0,0,3,0,0,0,0
400,203,8,3,0,0,0,5,0,0,0
400,204,8,4,0,0,1,3,0,0,0
400,205,8,5,1,18,1,1,0,0,0
400,206,8,6,15,0,1,3,0,0,0
400,207,8,7,0,9,1,1,0,0,0
400,208,8,8,5,0,0,1,0,0,0
400,209,8,9,0,0,1,3,0,0,0
400,210,8,10,0,0,0,1,0,0,0
400,211,8,11,0,0,2,1,0,0,0
400,212,8,12,0,0,1,4,0,0,0
400,213,8,13,2,0,1,0,0,0,0
400,214,8,14,0,22,0,3,0,0,0
400,215,8,15,0,9,2,0,0,0,0
400,216,8,16,26,2,0,0,0,0,0
400,217,8,17,3,11,1,1,0,0,0
400,218,8,18,1,0,0,0,0,0,0
400,219,8,19,5,0,0,3,0,0,0
400,220,8,20,11,0,0,1,0,0,0
400,221,8,21,3,32,1,0,0,0,0
400,222,8,22,13,19,0,0,0,0,0
400,223,8,23,5,20,3,0,0,0,0
400,224,8,24,33,0,0,2,0,0,0
400,225,9,0,0,0,1,3,0,0,0
400,226,9,1,1,0,4,0,0,0,0
400,227,9,2,0,0,1,1,0,0,0
400,228,9,3,20,0,0,1,0,0,0
400,229,9,4,0,3,2,1,0,0,0
400,230,9,5,0,0,5,4,0,0,0
400,231,9,6,19,0,1,0,0,0,0
400,232,9,7,22,0,0,0,0,0,0
400,233,9,8,17,0,5,1,0,0,0
400,234,9,9,0,0,1,2,0,0,0
400,235,9,10,0,0,1,2,0,0,0
400,236,9,11,0,21,0,1,0,0,0
400,237,9,12,0,0,3,2,0,0,0
400,238,9,13,0,6,2,1,0,0,0
400,239,9,14,0,2,4,1,0,0,0
400,240,9,15,0,0,4,0,0,0,0
400,241,9,16,2,0,3,1,0,0,0
400,242,9,17,0,0,1,2,0,0,0
400,243,9,18,2,5,0,1,0,0,0
400,244,9,19,18,0,0,2,0,0,0
400,245,9,20,1,9,1,0,0,0,0
400,246,9,21,0,0,2,1,0,0,0
400,247,9,22,0,0,1,1,0,0,0
400,248,9,23,0,12,1,1,0,0,0
400,249,9,24,16,12,0,2,0,0,0
400,250,10,0,0,1,3,2,0,0,0
400,251,10,1,0,1,4,2,0,0,0
400,252,10,2,0,14,0,0,0,0,0
400,253,10,3,1,15,1,0,0,0,0
400,254,10,4,3,0,0,0,0,0,0
400,255,10,5,0,0,0,0,0,0,0
400,256,10,6,0,6,6,2,0,0,0
400,257,10,7,0,0,2,2,0,0,0
400,258,10,8,27,0,2,1,0,0,0
400,259,10,9,2,0,1,0,0,0,0
400,260,10,10,0,0,1,3,0,0,0
400,261,10,11,0,0,0,0,0,0,0
400,262,10,12,0,0,2,0,0,0,0
400,263,10,13,13,21,1,0,0,0,0
400,264,10,14,0,0,1,3,0,0,0
400,265,10,15,0,1,1,1,0,0,0
400,266,10,16,1,14,4,1,0,0,0
400,267,10,17,0,22,2,2,0,0,0
400,268,10,18,0,0,2,1,0,0,0
400,269,10,19,0,0,1,2,0,0,0
400,270,10,20,0,0,0,1,0,0,0
400,271,10,21,3,17,1,0,0,0,0
400,272,10,22,29,27,0,1,0,0,0
400,273,10,23,3,0,2,3,0,0,0
400,274,10,24,2,0,1,0,0,0,0
400,275,11,0,0,0,2,0,0,0,0
400,276,11,1,24,14,0,0,0,0,0
400,277,11,2,3,0,2,2,0,0,0
400,278,11,3,0,17,2,1,0,0,0
400,279,11,4,2,0,1,1,0,0,0
400,280,11,5,0,0,2,0,0,0,0
400,281,11,6,2,0,0,0,0,0,0
400,282,11,7,7,0,0,1,0,0,0
400,283,11,8,0,0,1,3,0,0,0
400,284,11,9,0,11,1,0,0,0,0
400,285,11,10,23,0,0,1,0,0,0
400,286,11,11,0,25,5,0,0,0,0
400,287,11,12,0,0,4,0,0,0,0
400,288,11,13,0,0,1,1,0,0,0
400,289,11,14,0,6,1,1,0,0,0
400,290,11,15,0,2,4,1,0,0,0
400,291,11,16,1,0,0,2,0,0,0
400,292,11,17,7,1,0,0,0,0,0
400,293,11,18,0,0,1,3,0,0,0
400,294,11,19,0,0,0,0,0,0,0
400,295,11,20,0,14,1,0,0,0,0
400,296,11,21,0,10,2,0,0,0,0
400,297,11,22,0,7,0,0,0,0,0
400,298,11,23,16,6,0,5,0,0,0
400,299,11,24,34,6,0,1,0,0,0
400,300,12,0,0,0,0,2,0,0,0
400,301,12,1,0,0,0,1,0,0,0
400,302,12,2,0,0,1,2,0,0,0
400,303,12,3,0,3,3,0,0,0,0
400,304,12,4,0,0,2,3,0,0,0
400,305,12,5,9,0,2,2,0,0,0
400,306,12,6,0,0,2,1,0,0,0
400,307,12,7,0,0,1,2,0,0,0
400,308,12,8,0,0,0,3,0,0,0
400,309,12,9,0,0,3,2,0,0,0
400,310,12,10,0,24,0,1,0,0,0
400,311,12,11,0,0,0,1,0,0,0
400,312,12,12,0,1,0,4,0,0,0
400,313,12,13,0,0,1,4,0,0,0
400,314,12,14,0,0,4,1,0,0,0
400,315,12,15,0,0,2,2,0,0,0
400,316,12,16,0,0,2,2,0,0,0
400,317,12,17,7,0,1,2,0,0,0
400,318,12,18,33,0,0,1,0,0,0
400,319,12,19,0,1,0,0,0,0,0
400,320,12,20,8,21,0,0,0,0,0
400,321,12,21,0,1,0,1,0,0,0
400,322,12,22,0,5,3,2,0,0,0
400,323,12,23,9,13,3,3,0,0,0
400,324,12,24,0,26,0,0,0,0,0
400,325,13,0,0,0,1,2,0,0,0
400,326,13,1,0,0,4,1,0,0,0
400,327,13,2,18,23,0,0,0,0,0
400,328,13,3,0,0,0,2,0,0,0
400,329,13,4,12,11,1,1,0,0,0
400,330,13,5,0,0,3,2,0,0,0
400,331,13,6,2,0,1,1,0,0,0
400,332,13,7,2,0,0,0,0,0,0
400,333,13,8,7,0,2,0,0,0,0
400,334,13,9,4,9,2,0,0,0,0
400,335,13,10,15,0,0,0,0,0,0
400,336,13,11,0,0,1,2,0,0,0
400,337,13,12,0,0,2,2,0,0,0
400,338,13,13,0,0,3,3,0,0,0
400,339,13,14,0,0,1,2,0,0,0
400,340,13,15,0,4,1,1,0,0,0
400,341,13,16,0,11,1,1,0,0,0
400,342,13,17,0,0,0,0,0,0,0
400,343,13,18,18,0,0,0,0,0,0
400,344,13,19,1,0,0,1,0,0,0
400,345,13,20,0,1,2,0,0,0,0
400,346,13,21,0,0,2,0,0,0,0
400,347,13,22,24,15,0,0,0,0,0
400,348,13,23,9,0,1,1,0,0,0
400,349,13,24,0,30,3,1,0,0,0
400,350,14,0,0,0,5,2,0,0,0
400,351,14,1,2,28,0,0,0,0,0
400,352,14,2,13,5,1,0,0,0,0
400,353,14,3,27,0,2,3,0,0,0
400,354,14,4,1,12,1,1,0,0,0
400,355,14,5,15,0,5,0,0,0,0
400,356,14,6,9,2,0,1,0,0,0
400,357,14,7,0,1,0,1,0,0,0
400,358,14,8,0,0,3,0,0,0,0
400,359,14,9,11,0,0,2,0,0,0
400,360,14,10,8,23,0,0,0,0,0
400,361,14,11,0,0,0,0,0,0,0
400,362,14,12,0,0,1,0,0,0,0
400,363,14,13,0,0,2,3,0,0,0
400,364,14,14,0,0,1,1,0,0,0
400,365,14,15,0,20,0,1,0,0,0
400,366,14,16,6,0,1,0,0,0,0
400,367,14,17,37,0,3,0,0,0,0
400,368,14,18,7,0,1,3,0,0,0
400,369,14,19,21,0,0,0,0,0,0
400,370,14,20,18,0,0,4,0,0,0
400,371,14,21,0,20,4,1,0,0,0
400,372,14,22,1,18,1,2,0,0,0
400,373,14,23,21,27,0,1,0,0,0
400,374,14,24,11,23,0,0,0,0,0
400,375,15,0,0,9,2,2,0,0,0
400,376,15,1,5,24,0,2,0,0,0
400,377,15,2,0,9,1,1,0,0,0
400,378,15,3,0,0,0,0,0,0,0
400,379,15,4,6,0,0,5,0,0,0
400,380,15,5,0,0,6,0,0,0,0
400,381,15,6,0,1,2,3,0,0,0
400,382,15,7,3,1,1,0,0,0,0
400,383,15,8,2,0,2,0,0,0,0
400,384,15,9,35,6,0,0,0,0,0
400,385,15,10,12,0,0,1,0,0,0
400,386,15,11,0,0,1,1,0,0,0
400,387,15,12,3,4,0,0,0,0,0
400,388,15,13,0,2,2,0,0,0,0
400,389,15,14,0,1,2,1,0,0,0
400,390,15,15,2,8,0,0,0,0,0
400,391,15,16,2,0,1,1,0,0,0
400,392,15,17,11,5,0,3,0,0,0
400,393,15,18,2,4,1,2,0,0,0
400,394,15,19,1,0,0,2,0,0,0
400,395,15,20,36,0,0,0,0,0,0
400,396,15,21,38,0,1,2,0,0,0
400,397,15,22,19,0,0,2,0,0,0
400,398,15,23,14,0,0,0,0,0,0
400,399,15,24,45,7,0,3,0,0,0
400,400,16,0,0,1,3,1,0,0,0
400,401,16,1,19,10,0,0,0,0,0
400,402,16,2,0,4,5,0,0,0,0
400,403,16,3,0,2,0,0,0,0,0
400,404,16,4,19,2,0,2,0,0,0
400,405,16,5,0,27,5,2,0,0,0
400,406,16,6,26,19,0,1,0,0,0
400,407,16,7,2,1,3,2,0,0,0
400,408,16,8,0,1,2,2,0,0,0
400,409,16,9,35,1,0,1,0,0,0
400,410,16,10,0,0,1,2,0,0,0
400,411,16,11,0,10,3,0,0,0,0
400,412,16,12,7,0,1,1,0,0,0
400,413,16,13,9,0,1,1,0,0,0
400,414,16,14,5,0,2,1,0,0,0
400,415,16,15,0,11,2,3,0,0,0
400,416,16,16,1,0,1,0,0,0,0
400,417,16,17,5,0,0,1,0,0,0
400,418,16,18,0,2,1,0,0,0,0
400,419,16,19,10,5,1,0,0,0,0
400,420,16,20,16,9,3,0,0,0,0
400,421,16,21,21,2,0,2,0,0,0
400,422,16,22,11,0,0,2,0,0,0
400,423,16,23,30,15,0,0,0,0,0
400,424,16,24,20,36,0,0,0,0,0
400,425,17,0,0,0,1,0,0,0,0
400,426,17,1,1,14,0,1,0,0,0
400,427,17,2,19,20,2,0,0,0,0
400,428,17,3,7,2,0,1,0,0,0
400,429,17,4,1,0,1,2,0,0,0
400,430,17,5,0,0,0,0,0,0,0
400,431,17,6,6,0,0,2,0,0,0
400,432,17,7,0,0,3,0,0,0,0
400,433,17,8,15,1,0,0,0,0,0
400,434,17,9,19,0,1,3,0,0,0
400,435,17,10,0,0,3,2,0,0,0
400,436,17,11,3,2,0,3,0,0,0
400,437,17,12,9,0,0,4,0,0,0
400,438,17,13,20,0,1,2,0,0,0
400,439,17,14,8,5,2,1,0,0,0
400,440,17,15,14,4,1,0,0,0,0
400,441,17,16,22,0,0,0,0,0,0
400,442,17,17,0,0,2,2,0,0,0
400,443,17,18,0,0,1,3,0,0,0
400,444,17,19,32,0,1,2,0,0,0
400,445,17,20,0,0,0,0,0,0,0
400,446,17,21,15,2,3,3,0,0,0
400,447,17,22,8,29,3,1,0,0,0
400,448,17,23,24,33,0,0,0,0,0
400,449,17,24,16,21,0,1,0,0,0
400,450,18,0,0,5,2,0,0,0,0
400,451,18,1,0,0,0,1,0,0,0
400,452,18,2,0,25,0,0,0,0,0
400,453,18,3,6,17,4,1,0,0,0
400,454,18,4,11,21,0,2,0,0,0
400,455,18,5,19,16,1,0,0,0,0
400,456,18,6,34,0,0,0,0,0,0
400,457,18,7,0,1,1,1,0,0,0
400,458,18,8,0,13,1,0,0,0,0
400,459,18,9,1,11,3,1,0,0,0
400,460,18,10,0,0,0,4,0,0,0
400,461,18,11,0,9,1,0,0,0,0
400,462,18,12,3,0,2,4,0,0,0
400,463,18,13,0,0,2,0,0,0,0
400,464,18,14,0,0,1,1,0,0,0
400,465,18,15,18,8,0,0,0,0,0
400,466,18,16,4,0,0,1,0,0,0
400,467,18,17,2,10,2,0,0,0,0
400,468,18,18,3,0,3,2,0,0,0
400,469,18,19,0,1,2,2,0,0,0
400,470,18,20,2,13,1,2,0,0,0
400,471,18,21,0,0,1,0,0,0,0
400,472,18,22,22,0,0,3,0,0,0
400,473,18,23,30,10,1,1,0,0,0
400,474,18,24,11,22,5,0,0,0,0
400,475,19,0,6,8,1,1,0,0,0
400,476,19,1,0,2,1,3,0,0,0
400,477,19,2,2,0,0,2,0,0,0
400,478,19,3,0,5,1,3,0,0,0
400,479,19,4,5,20,1,1,0,0,0
400,480,19,5,5,0,1,2,0,0,0
400,481,19,6,6,0,0,1,0,0,0
400,482,19,7,0,8,2,0,0,0,0
400,483,19,8,20,0,0,1,0,0,0
400,484,19,9,2,10,1,1,0,0,0
400,485,19,10,23,6,2,0,0,0,0
400,486,19,11,1,0,0,1,0,0,0
400,487,19,12,0,20,2,2,0,0,0
400,488,19,13,1,2,0,1,0,0,0
400,489,19,14,33,0,0,0,0,0,0
400,490,19,15,0,0,1,0,0,0,0
400,491,19,16,0,1,2,0,0,0,0
400,492,19,17,14,0,1,1,0,0,0
400,493,19,18,14,32,1,0,0,0,0
400,494,19,19,35,13,0,0,0,0,0
400,495,19,20,7,3,0,0,0,0,0
400,496,19,21,44,12,0,0,0,0,0
400,497,19,22,0,7,0,1,0,0,0
400,498,19,23,26,38,0,0,0,0,0
400,499,19,24,3,14,0,0,0,0,0
400,500,20,0,0,6,1,3,0,0,0
400,501,20,1,9,3,4,2,0,0,0
400,502,20,2,9,21,1,2,0,0,0
400,503,20,3,13,0,0,1,0,0,0
400,504,20,4,34,9,0,0,0,0,0
400,505,20,5,0,0,1,0,0,0,0
400,506,20,6,1,0,0,1,0,0,0
400,507,20,7,0,0,0,2,0,0,0
400,508,20,8,28,1,1,0,0,0,0
400,509,20,9,0,0,0,2,0,0,0
400,510,20,10,0,0,0,0,0,0,0
400,511,20,11,5,0,2,2,0,0,0
400,512,20,12,5,0,0,2,0,0,0
400,513,20,13,7,0,4,2,0,0,0
400,514,20,14,14,2,0,1,0,0,0
400,515,20,15,0,3,1,1,0,0,0
400,516,20,16,3,0,0,0,0,0,0
400,517,20,17,22,0,1,3,0,0,0
400,518,20,18,5,2,1,1,0,0,0
400,519,20,19,6,1,0,1,0,0,0
400,520,20,20,12,16,1,0,0,0,0
400,521,20,21,30,2,3,1,0,0,0
400,522,20,22,37,9,2,0,0,0,0
400,523,20,23,18,27,0,0,0,0,0
400,524,20,24,26,30,1,0,0,0,0
400,525,21,0,0,2,0,0,0,0,0
400,526,21,1,23,24,0,0,0,0,0
400,527,21,2,5,5,0,0,0,0,0
400,528,21,3,0,0,1,0,0,0,0
400,529,21,4,0,5,1,2,0,0,0
400,530,21,5,19,0,0,0,0,0,0
400,531,21,6,10,1,0,1,0,0,0
400,532,21,7,3,0,0,1,0,0,0
400,533,21,8,6,3,1,0,0,0,0
400,534,21,9,0,0,2,3,0,0,0
400,535,21,10,0,14,2,0,0,0,0
400,536,21,11,4,0,0,0,0,0,0
400,537,21,12,0,21,1,2,0,0,0
400,538,21,13,1,3,0,2,0,0,0
400,539,21,14,1,16,2,2,0,0,0
400,540,21,15,0,32,3,0,0,0,0
400,541,21,16,0,2,3,1,0,0,0
400,542,21,17,0,0,0,1,0,0,0
400,543,21,18,17,1,2,1,0,0,0
400,544,21,19,0,3,1,3,0,0,0
400,545,21,20,13,26,0,2,0,0,0
400,546,21,21,2,37,0,0,0,0,0
400,547,21,22,26,16,2,0,0,0,0
400,548,21,23,20,16,1,2,0,0,0
400,549,21,24,0,0,1,1,0,0,0
400,550,22,0,0,20,2,1,0,0,0
400,551,22,1,1,27,0,0,0,0,0
400,552,22,2,0,25,2,0,0,0,0
400,553,22,3,29,3,0,2,0,0,0
400,554,22,4,11,8,0,1,0,0,0
400,555,22,5,26,0,2,3,0,0,0
400,556,22,6,14,1,1,0,0,0,0
400,557,22,7,10,0,0,1,0,0,0
400,558,22,8,31,0,1,1,0,0,0
400,559,22,9,18,0,0,1,0,0,0
400,560,22,10,37,19,0,1,0,0,0
400,561,22,11,2,1,0,1,0,0,0
400,562,22,12,5,7,1,0,0,0,0
400,563,22,13,0,12,1,0,0,0,0
400,564,22,14,13,32,0,0,0,0,0
400,565,22,15,3,9,2,3,0,0,0
400,566,22,16,1,32,0,0,0,0,0
400,567,22,17,0,13,2,0,0,0,0
400,568,22,18,4,32,0,0,0,0,0
400,569,22,19,7,0,2,1,0,0,0
400,570,22,20,0,29,2,2,0,0,0
400,571,22,21,8,15,0,1,0,0,0
400,572,22,22,24,13,0,1,0,0,0
400,573,22,23,10,24,0,1,0,0,0
400,574,22,24,22,43,0,0,0,0,0
400,575,23,0,2,0,0,1,0,0,0
400,576,23,1,3,0,1,1,0,0,0
400,577,23,2,0,8,0,0,0,0,0
400,578,23,3,0,3,1,0,0,0,0
400,579,23,4,1,36,2,0,0,0,0
400,580,23,5,2,0,1,0,0,0,0
400,581,23,6,5,4,0,1,0,0,0
400,582,23,7,0,1,0,2,0,0,0
400,583,23,8,26,0,1,0,0,0,0
400,584,23,9,5,0,1,4,0,0,0
400,585,23,10,2,3,0,0,0,0,0
400,586,23,11,13,0,0,1,0,0,0
400,587,23,12,2,7,3,0,0,0,0
400,588,23,13,19,10,0,0,0,0,0
400,589,23,14,36,22,2,0,0,0,0
400,590,23,15,0,15,1,0,0,0,0
400,591,23,16,0,37,0,1,0,0,0
400,592,23,17,6,16,1,1,0,0,0
400,593,23,18,3,5,1,2,0,0,0
400,594,23,19,18,16,1,2,0,0,0
400,595,23,20,18,0,1,1,0,0,0
400,596,23,21,35,6,0,2,0,0,0
400,597,23,22,15,22,0,0,0,0,0
400,598,23,23,15,0,2,5,0,0,0
400,599,23,24,32,24,2,0,0,0,0
400,600,24,0,0,0,1,5,0,0,0
400,601,24,1,0,0,2,1,0,0,0
400,602,24,2,5,0,1,1,0,0,0
400,603,24,3,0,2,2,0,0,0,0
400,604,24,4,23,8,0,2,0,0,0
400,605,24,5,3,0,1,3,0,0,0
400,606,24,6,24,0,1,0,0,0,0
400,607,24,7,33,22,0,0,0,0,0
400,608,24,8,22,5,0,2,0,0,0
400,609,24,9,0,4,2,1,0,0,0
400,610,24,10,3,39,1,0,0,0,0
400,611,24,11,17,4,0,0,0,0,0
400,612,24,12,25,3,0,2,0,0,0
400,613,24,13,0,16,1,1,0,0,0
400,614,24,14,1,1,1,0,0,0,0
400,615,24,15,15,15,0,2,0,0,0
400,616,24,16,9,4,2,0,0,0,0
400,617,24,17,32,34,1,1,0,0,0
400,618,24,18,21,10,1,0,0,0,0
400,619,24,19,5,0,0,2,0,0,0
400,620,24,20,4,4,2,0,0,0,0
400,621,24,21,8,32,1,1,0,0,0
400,622,24,22,16,20,0,0,0,0,0
400,623,24,23,1,10,0,0,0,0,0
400,624,24,24,10,27,1,0,0,0,0
500,0,0,0,0,0,5,1,0,0,0
500,1,0,1,0,0,2,3,0,0,0
500,2,0,2,0,0,2,2,0,0,0
500,3,0,3,0,0,3,2,0,0,0
500,4,0,4,0,0,0,2,0,0,0
500,5,0,5,0,0,2,4,0,0,0
500,6,0,6,0,0,2,0,0,0,0
500,7,0,7,0,0,3,2,0,0,0
500,8,0,8,0,20,5,0,0,0,0
500,9,0,9,0,0,1,2,0,0,0
500,10,0,10,0,0,4,1,0,0,0
500,11,0,11,0,0,4,1,0,0,0
500,12,0,12,0,0,3,0,0,0,0
500,13,0,13,0,0,2,2,0,0,0
500,14,0,14,0,0,0,1,0,0,0
500,15,0,15,5,0,2,1,0,0,0
500,16,0,16,0,0,1,2,0,0,0
500,17,0,17,0,0,1,0,0,0,0
500,18,0,18,0,0,2,1,0,0,0
500,19,0,19,3,0,1,2,0,0,0
500,20,0,20,18,0,0,8,0,0,0
500,21,0,21,0,0,2,1,0,0,0
500,22,0,22,3,0,0,0,0,0,0
500,23,0,23,0,0,0,2,0,0,0
500,24,0,24,0,0,1,2,0,0,0
500,25,1,0,0,0,4,2,0,0,0
500,26,1,1,0,0,1,1,0,0,0
500,27,1,2,0,0,3,2,0,0,0
500,28,1,3,0,0,3,0,0,0,0
500,29,1,4,0,0,2,0,0,0,0
500,30,1,5,0,4,0,1,0,0,0
500,31,1,6,0,0,4,2,0,0,0
500,32,1,7,0,0,2,1,0,0,0
500,33,1,8,0,0,5,0,0,0,0
500,34,1,9,17,0,0,1,0,0,0
500,35,1,10,0,0,2,4,0,0,0
500,36,1,11,0,0,1,0,0,0,0
500,37,1,12,17,0,0,2,0,0,0
500,38,1,13,21,18,1,3,0,0,0
500,39,1,14,0,0,2,0,0,0,0
500,40,1,15,0,34,1,0,0,0,0
500,41,1,16,0,0,1,1,0,0,0
500,42,1,17,1,15,0,0,0,0,0
500,43,1,18,0,29,2,0,0,0,0
500,44,1,19,3,2,1,0,0,0,0
500,45,1,20,22,8,0,2,0,0,0
500,46,1,21,20,4,0,2,0,0,0
500,47,1,22,16,13,0,1,0,0,0
500,48,1,23,0,0,0,3,0,0,0
500,49,1,24,0,14,0,0,0,0,0
500,50,2,0,0,0,7,4,0,0,0
500,51,2,1,0,0,1,0,0,0,0
500,52,2,2,0,0,1,1,0,0,0
500,53,2,3,0,0,5,0,0,0,0
500,54,2,4,0,0,2,5,0,0,0
500,55,2,5,15,0,1,0,0,0,0
500,56,2,6,0,0,2,2,0,0,0
500,57,2,7,13,0,0,2,0,0,0
500,58,2,8,1,0,1,0,0,0,0
500,59,2,9,0,0,3,0,0,0,0
500,60,2,10,0,0,3,0,0,0,0
500,61,2,11,0,0,6,2,0,0,0
500,62,2,12,0,3,1,2,0,0,0
500,63,2,13,0,0,1,3,0,0,0
500,64,2,14,11,1,0,0,0,0,0
500,65,2,15,0,23,1,1,0,0,0
500,66,2,16,0,0,5,4,0,0,0
500,67,2,17,0,0,3,0,0,0,0
500,68,2,18,0,11,3,1,0,0,0
500,69,2,19,12,0,1,0,0,0,0
500,70,2,20,5,9,0,1,0,0,0
500,71,2,21,28,0,0,1,0,0,0
500,72,2,22,17,0,2,0,0,0,0
500,73,2,23,15,0,2,0,0,0,0
500,74,2,24,0,0,0,3,0,0,0
500,75,3,0,0,0,3,5,0,0,0
500,76,3,1,0,1,2,0,0,0,0
500,77,3,2,1,0,1,3,0,0,0
500,78,3,3,7,0,2,2,0,0,0
500,79,3,4,0,0,3,0,0,0,0
500,80,3,5,0,0,0,1,0,0,0
500,81,3,6,0,0,2,1,0,0,0
500,82,3,7,0,0,1,1,0,0,0
500,83,3,8,0,0,5,5,0,0,0
500,84,3,9,0,0,2,3,0,0,0
500,85,3,10,0,0,0,0,0,0,0
500,86,3,11,0,23,2,0,0,0,0
500,87,3,12,0,0,2,2,0,0,0
500,88,3,13,0,1,2,1,0,0,0
500,89,3,14,0,26,4,0,0,0,0
500,90,3,15,0,0,2,1,0,0,0
500,91,3,16,15,6,0,1,0,0,0
500,92,3,17,0,0,1,1,0,0,0
500,93,3,18,0,1,1,1,0,0,0
500,94,3,19,9,21,0,1,0,0,0
500,95,3,20,25,0,0,4,0,0,0
500,96,3,21,0,5,1,1,0,0,0
500,97,3,22,1,11,0,1,0,0,0
500,98,3,23,0,2,2,0,0,0,0
500,99,3,24,0,2,0,0,0,0,0
500,100,4,0,0,0,2,2,0,0,0
500,101,4,1,0,0,2,0,0,0,0
500,102,4,2,6,0,0,0,0,0,0
500,103,4,3,0,0,2,1,0,0,0
500,104,4,4,0,0,0,2,0,0,0
500,105,4,5,0,0,2,1,0,0,0
500,106,4,6,0,0,0,2,0,0,0
500,107,4,7,0,0,1,1,0,0,0
500,108,4,8,0,4,2,0,0,0,0
500,109,4,9,0,0,3,1,0,0,0
500,110,4,10,6,0,2,1,0,0,0
500,111,4,11,0,0,2,2,0,0,0
500,112,4,12,2,0,1,3,0,0,0
500,113,4,13,0,0,0,2,0,0,0
500,114,4,14,0,0,1,1,0,0,0
500,115,4,15,3,0,1,0,0,0,0
500,116,4,16,20,1,1,1,0,0,0
500,117,4,17,0,9,5,2,0,0,0
500,118,4,18,0,19,2,1,0,0,0
500,119,4,19,5,0,1,1,0,0,0
500,120,4,20,0,0,0,0,0,0,0
500,121,4,21,0,11,3,0,0,0,0
500,122,4,22,0,0,1,1,0,0,0
500,123,4,23,1,6,0,0,0,0,0
500,124,4,24,0,0,0,0,0,0,0
500,125,5,0,0,0,1,0,0,0,0
500,126,5,1,0,4,0,0,0,0,0
500,127,5,2,6,0,1,2,0,0,0
500,128,5,3,0,0,1,2,0,0,0
500,129,5,4,12,3,2,2,0,0,0
500,130,5,5,0,0,0,3,0,0,0
500,131,5,6,0,0,3,1,0,0,0
500,132,5,7,0,0,1,3,0,0,0
500,133,5,8,0,2,2,0,0,0,0
500,134,5,9,0,0,0,1,0,0,0
500,135,5,10,0,0,1,0,0,0,0
500,136,5,11,20,0,0,1,0,0,0
500,137,5,12,3,0,0,0,0,0,0
500,138,5,13,0,29,0,1,0,0,0
500,139,5,14,9,2,1,0,0,0,0
500,140,5,15,0,6,1,0,0,0,0
500,141,5,16,18,6,0,1,0,0,0
500,142,5,17,6,0,0,2,0,0,0
500,143,5,18,0,0,0,1,0,0,0
500,144,5,19,0,7,0,2,0,0,0
500,145,5,20,0,1,3,0,0,0,0
500,146,5,21,1,1,0,0,0,0,0
500,147,5,22,7,0,4,2,0,0,0
500,148,5,23,1,1,1,0,0,0,0
500,149,5,24,30,17,0,3,0,0,0
500,150,6,0,0,0,4,4,0,0,0
500,151,6,1,20,0,0,0,0,0,0
500,152,6,2,0,0,1,3,0,0,0
500,153,6,3,2,0,1,0,0,0,0
500,154,6,4,0,18,1,2,0,0,0
500,155,6,5,0,0,0,1,0,0,0
500,156,6,6,0,1,1,1,0,0,0
500,157,6,7,0,0,0,2,0,0,0
500,158,6,8,0,0,1,0,0,0,0
500,159,6,9,0,0,3,3,0,0,0
500,160,6,10,0,15,0,3,0,0,0
500,161,6,11,0,6,4,1,0,0,0
500,162,6,12,0,0,3,4,0,0,0
500,163,6,13,0,0,0,2,0,0,0
500,164,6,14,0,0,1,0,0,0,0
500,165,6,15,0,10,1,0,0,0,0
500,166,6,16,0,1,1,2,0,0,0
500,167,6,17,0,32,1,0,0,0,0
500,168,6,18,0,4,2,0,0,0,0
500,169,6,19,0,1,1,3,0,0,0
500,170,6,20,4,19,1,3,0,0,0
500,171,6,21,0,9,2,2,0,0,0
500,172,6,22,8,11,0,2,0,0,0
500,173,6,23,2,13,2,0,0,0,0
500,174,6,24,0,0,1,3,0,0,0
500,175,7,0,0,0,2,2,0,0,0
500,176,7,1,0,0,3,2,0,0,0
500,177,7,2,0,4,2,1,0,0,0
500,178,7,3,0,0,0,1,0,0,0
500,179,7,4,0,0,4,1,0,0,0
500,180,7,5,0,0,1,3,0,0,0
500,181,7,6,0,0,1,1,0,0,0
500,182,7,7,0,13,3,1,0,0,0
500,183,7,8,0,0,2,2,0,0,0
500,184,7,9,0,0,0,0,0,0,0
500,185,7,10,0,0,1,1,0,0,0
500,186,7,11,1,0,1,1,0,0,0
500,187,7,12,0,1,0,0,0,0,0
500,188,7,13,1,0,0,1,0,0,0
500,189,7,14,0,14,0,1,0,0,0
500,190,7,15,0,1,0,2,0,0,0
500,191,7,16,1,1,0,0,0,0,0
500,192,7,17,0,4,0,2,0,0,0
500,193,7,18,0,0,1,2,0,0,0
500,194,7,19,0,26,1,0,0,0,0
500,195,7,20,0,7,2,1,0,0,0
500,196,7,21,5,5,0,1,0,0,0
500,197,7,22,2,1,2,1,0,0,0
500,198,7,23,0,1,2,1,0,0,0
500,199,7,24,0,6,2,0,0,0,0
500,200,8,0,0,0,2,2,0,0,0
500,201,8,1,0,18,1,1,0,0,0
500,202,8,2,0,5,3,1,0,0,0
500,203,8,3,27,0,2,0,0,0,0
500,204,8,4,0,0,1,1,0,0,0
500,205,8,5,0,0,1,0,0,0,0
500,206,8,6,0,0,2,1,0,0,0
500,207,8,7,0,1,0,1,0,0,0
500,208,8,8,8,0,0,1,0,0,0
500,209,8,9,0,0,1,2,0,0,0
500,210,8,10,8,0,0,2,0,0,0
500,211,8,11,3,0,0,2,0,0,0
500,212,8,12,0,0,1,2,0,0,0
500,213,8,13,0,0,2,0,0,0,0
500,214,8,14,0,1,0,1,0,0,0
500,215,8,15,0,12,0,1,0,0,0
500,216,8,16,0,0,1,0,0,0,0
500,217,8,17,3,0,2,0,0,0,0
500,218,8,18,0,0,1,2,0,0,0
500,219,8,19,0,0,0,3,0,0,0
500,220,8,20,20,2,2,1,0,0,0
500,221,8,21,4,0,0,1,0,0,0
500,222,8,22,0,7,0,0,0,0,0
500,223,8,23,3,13,2,0,0,0,0
500,224,8,24,1,0,1,2,0,0,0
500,225,9,0,0,0,2,3,0,0,0
500,226,9,1,20,0,1,0,0,0,0
500,227,9,2,0,0,1,3,0,0,0
500,228,9,3,0,0,3,1,0,0,0
500,229,9,4,0,0,2,1,0,0,0
500,230,9,5,0,0,3,1,0,0,0
500,231,9,6,0,0,1,1,0,0,0
500,232,9,7,0,0,0,6,0,0,0
500,233,9,8,1,0,1,2,0,0,0
500,234,9,9,1,1,2,0,0,0,0
500,235,9,10,3,18,0,0,0,0,0
500,236,9,11,12,0,1,2,0,0,0
500,237,9,12,0,0,3,2,0,0,0
500,238,9,13,21,21,0,0,0,0,0
500,239,9,14,0,0,1,1,0,0,0
500,240,9,15,20,0,0,0,0,0,0
500,241,9,16,3,4,0,1,0,0,0
500,242,9,17,12,0,1,1,0,0,0
500,243,9,18,3,1,1,0,0,0,0
500,244,9,19,18,11,0,0,0,0,0
500,245,9,20,0,10,2,0,0,0,0
500,246,9,21,0,0,1,1,0,0,0
500,247,9,22,24,21,0,0,0,0,0
500,248,9,23,4,0,0,2,0,0,0
500,249,9,24,12,25,0,0,0,0,0
500,250,10,0,0,0,3,3,0,0,0
500,251,10,1,0,10,1,3,0,0,0
500,252,10,2,0,0,1,1,0,0,0
500,253,10,3,2,0,0,1,0,0,0
500,254,10,4,0,2,2,1,0,0,0
500,255,10,5,0,6,1,0,0,0,0
500,256,10,6,11,1,1,0,0,0,0
500,257,10,7,26,9,1,0,0,0,0
500,258,10,8,13,0,2,1,0,0,0
500,259,10,9,0,2,1,1,0,0,0
500,260,10,10,0,4,0,0,0,0,0
500,261,10,11,0,0,2,0,0,0,0
500,262,10,12,0,21,1,1,0,0,0
500,263,10,13,3,2,4,3,0,0,0
500,264,10,14,6,0,0,3,0,0,0
500,265,10,15,0,0,3,0,0,0,0
500,266,10,16,6,25,0,0,0,0,0
500,267,10,17,0,0,2,0,0,0,0
500,268,10,18,0,0,0,2,0,0,0
500,269,10,19,1,1,0,0,0,0,0
500,270,10,20,0,6,2,2,0,0,0
500,271,10,21,1,0,2,0,0,0,0
500,272,10,22,0,5,0,1,0,0,0
500,273,10,23,0,1,0,0,0,0,0
500,274,10,24,3,0,0,1,0,0,0
500,275,11,0,0,0,1,1,0,0,0
500,276,11,1,0,15,0,2,0,0,0
500,277,11,2,1,0,0,3,0,0,0
500,278,11,3,0,2,2,2,0,0,0
500,279,11,4,0,0,0,1,0,0,0
500,280,11,5,0,0,1,1,0,0,0
500,281,11,6,0,0,1,4,0,0,0
500,282,11,7,0,0,0,0,0,0,0
500,283,11,8,0,1,1,2,0,0,0
500,284,11,9,0,15,0,1,0,0,0
500,285,11,10,0,0,3,1,0,0,0
500,286,11,11,0,5,0,0,0,0,0
500,287,11,12,0,0,0,1,0,0,0
500,288,11,13,12,0,0,0,0,0,0
500,289,11,14,0,0,2,1,0,0,0
500,290,11,15,0,0,2,1,0,0,0
500,291,11,16,0,5,2,0,0,0,0
500,292,11,17,0,19,0,1,0,0,0
500,293,11,18,16,13,2,0,0,0,0
500,294,11,19,1,0,2,2,0,0,0
500,295,11,20,0,4,0,2,0,0,0
500,296,11,21,0,0,0,4,0,0,0
500,297,11,22,12,9,0,1,0,0,0
500,298,11,23,0,4,0,0,0,0,0
500,299,11,24,20,0,2,0,0,0,0
500,300,12,0,0,0,2,7,0,0,0
500,301,12,1,15,0,1,2,0,0,0
500,302,12,2,0,0,4,0,0,0,0
500,303,12,3,2,0,0,2,0,0,0
500,304,12,4,15,0,3,2,0,0,0
500,305,12,5,0,0,4,1,0,0,0
500,306,12,6,16,0,3,1,0,0,0
500,307,12,7,18,0,0,2,0,0,0
500,308,12,8,0,30,1,0,0,0,0
500,309,12,9,0,1,3,1,0,0,0
500,310,12,10,0,0,1,2,0,0,0
500,311,12,11,0,0,4,2,0,0,0
500,312,12,12,1,11,1,0,0,0,0
500,313,12,13,0,0,3,2,0,0,0
500,314,12,14,15,0,0,1,0,0,0
500,315,12,15,40,0,1,3,0,0,0
500,316,12,16,19,0,0,3,0,0,0
500,317,12,17,17,33,3,0,0,0,0
500,318,12,18,0,20,5,2,0,0,0
500,319,12,19,0,12,1,2,0,0,0
500,320,12,20,17,0,2,0,0,0,0
500,321,12,21,1,0,4,1,0,0,0
500,322,12,22,0,0,0,0,0,0,0
500,323,12,23,1,0,2,2,0,0,0
500,324,12,24,7,0,2,0,0,0,0
500,325,13,0,2,0,3,2,0,0,0
500,326,13,1,0,24,0,0,0,0,0
500,327,13,2,13,0,1,0,0,0,0
500,328,13,3,0,0,1,1,0,0,0
500,329,13,4,24,9,7,1,0,0,0
500,330,13,5,9,0,0,1,0,0,0
500,331,13,6,0,0,0,2,0,0,0
500,332,13,7,21,27,3,1,0,0,0
500,333,13,8,0,13,1,0,0,0,0
500,334,13,9,35,0,0,1,0,0,0
500,335,13,10,0,0,2,1,0,0,0
500,336,13,11,0,0,1,0,0,0,0
500,337,13,12,1,0,3,3,0,0,0
500,338,13,13,32,1,1,1,0,0,0
500,339,13,14,1,0,1,0,0,0,0
500,340,13,15,0,0,2,3,0,0,0
500,341,13,16,4,0,1,0,0,0,0
500,342,13,17,0,30,1,2,0,0,0
500,343,13,18,7,0,0,0,0,0,0
500,344,13,19,0,11,0,2,0,0,0
500,345,13,20,6,0,1,1,0,0,0
500,346,13,21,1,8,0,0,0,0,0
500,347,13,22,0,0,1,1,0,0,0
500,348,13,23,0,0,1,1,0,0,0
500,349,13,24,0,23,0,2,0,0,0
500,350,14,0,0,0,0,1,0,0,0
500,351,14,1,0,1,0,1,0,0,0
500,352,14,2,0,25,3,0,0,0,0
500,353,14,3,10,11,1,2,0,0,0
500,354,14,4,11,0,0,2,0,0,0
500,355,14,5,0,13,0,2,0,0,0
500,356,14,6,13,0,1,6,0,0,0
500,357,14,7,1,2,2,4,0,0,0
500,358,14,8,0,0,3,1,0,0,0
500,359,14,9,3,2,2,3,0,0,0
500,360,14,10,0,1,1,0,0,0,0
500,361,14,11,33,7,1,0,0,0,0
500,362,14,12,0,16,1,2,0,0,0
500,363,14,13,0,1,5,0,0,0,0
500,364,14,14,26,0,0,1,0,0,0
500,365,14,15,0,0,1,5,0,0,0
500,366,14,16,1,0,0,1,0,0,0
500,367,14,17,18,6,1,0,0,0,0
500,368,14,18,2,0,1,1,0,0,0
500,369,14,19,0,4,0,0,0,0,0
500,370,14,20,25,30,0,1,0,0,0
500,371,14,21,6,4,2,2,0,0,0
500,372,14,22,16,26,2,3,0,0,0
500,373,14,23,9,0,0,2,0,0,0
500,374,14,24,6,5,0,1,0,0,0
500,375,15,0,0,0,2,0,0,0,0
500,376,15,1,0,0,4,2,0,0,0
500,377,15,2,19,12,2,3,0,0,0
500,378,15,3,0,1,1,0,0,0,0
500,379,15,4,0,10,5,0,0,0,0
500,380,15,5,4,1,0,1,0,0,0
500,381,15,6,6,2,1,0,0,0,0
500,382,15,7,16,0,1,1,0,0,0
500,383,15,8,0,15,2,0,0,0,0
500,384,15,9,0,28,2,0,0,0,0
500,385,15,10,3,0,0,0,0,0,0
500,386,15,11,8,16,1,4,0,0,0
500,387,15,12,1,0,1,3,0,0,0
500,388,15,13,6,0,2,0,0,0,0
500,389,15,14,1,18,1,2,0,0,0
500,390,15,15,10,23,1,1,0,0,0
500,391,15,16,0,0,0,1,0,0,0
500,392,15,17,15,1,2,2,0,0,0
500,393,15,18,16,1,2,0,0,0,0
500,394,15,19,0,15,2,1,0,0,0
500,395,15,20,1,2,1,1,0,0,0
500,396,15,21,7,4,1,0,0,0,0
500,397,15,22,14,10,1,2,0,0,0
500,398,15,23,0,5,1,0,0,0,0
500,399,15,24,0,10,1,2,0,0,0
500,400,16,0,0,0,2,2,0,0,0
500,401,16,1,11,5,0,0,0,0,0
500,402,16,2,6,0,2,2,0,0,0
500,403,16,3,0,0,2,0,0,0,0
500,404,16,4,8,0,3,0,0,0,0
500,405,16,5,10,1,1,0,0,0,0
500,406,16,6,0,7,1,0,0,0,0
500,407,16,7,1,4,2,2,0,0,0
500,408,16,8,1,1,0,4,0,0,0
500,409,16,9,1,8,1,0,0,0,0
500,410,16,10,20,0,1,0,0,0,0
500,411,16,11,0,0,4,5,0,0,0
500,412,16,12,2,0,0,1,0,0,0
500,413,16,13,0,0,1,0,0,0,0
500,414,16,14,4,0,2,4,0,0,0
500,415,16,15,0,0,1,1,0,0,0
500,416,16,16,0,0,3,5,0,0,0
500,417,16,17,4,4,3,1,0,0,0
500,418,16,18,4,4,3,1,0,0,0
500,419,16,19,4,1,0,1,0,0,0
500,420,16,20,0,2,3,1,0,0,0
500,421,16,21,0,1,0,0,0,0,0
500,422,16,22,0,13,2,0,0,0,0
500,423,16,23,4,2,1,4,0,0,0
500,424,16,24,0,2,0,2,0,0,0
500,425,17,0,0,0,0,3,0,0,0
500,426,17,1,1,0,1,1,0,0,0
500,427,17,2,0,0,1,0,0,0,0
500,428,17,3,13,0,0,2,0,0,0
500,429,17,4,0,0,0,0,0,0,0
500,430,17,5,0,19,1,0,0,0,0
500,431,17,6,0,4,2,1,0,0,0
500,432,17,7,0,0,1,1,0,0,0
500,433,17,8,8,27,0,0,0,0,0
500,434,17,9,0,1,2,1,0,0,0
500,435,17,10,0,0,0,3,0,0,0
500,436,17,11,5,0,0,2,0,0,0
500,437,17,12,1,6,0,0,0,0,0
500,438,17,13,0,0,0,2,0,0,0
500,439,17,14,0,2,0,2,0,0,0
500,440,17,15,0,40,0,0,0,0,0
500,441,17,16,0,0,2,1,0,0,0
500,442,17,17,1,2,0,2,0,0,0
500,443,17,18,1,5,3,0,0,0,0
500,444,17,19,0,22,0,0,0,0,0
500,445,17,20,0,32,1,0,0,0,0
500,446,17,21,21,10,0,0,0,0,0
500,447,17,22,5,23,0,1,0,0,0
500,448,17,23,0,6,4,1,0,0,0
500,449,17,24,0,21,0,0,0,0,0
500,450,18,0,0,0,2,1,0,0,0
500,451,18,1,0,1,0,1,0,0,0
500,452,18,2,0,0,0,2,0,0,0
500,453,18,3,0,0,2,0,0,0,0
500,454,18,4,0,2,0,3,0,0,0
500,455,18,5,0,0,2,2,0,0,0
500,456,18,6,1,0,0,1,0,0,0
500,457,18,7,0,4,1,5,0,0,0
500,458,18,8,1,0,5,2,0,0,0
500,459,18,9,0,8,4,0,0,0,0
500,460,18,10,0,0,1,2,0,0,0
500,461,18,11,0,0,0,2,0,0,0
500,462,18,12,29,0,1,1,0,0,0
500,463,18,13,0,19,3,0,0,0,0
500,464,18,14,2,0,0,1,0,0,0
500,465,18,15,14,2,1,0,0,0,0
500,466,18,16,23,2,0,1,0,0,0
500,467,18,17,0,0,2,0,0,0,0
500,468,18,18,0,0,2,1,0,0,0
500,469,18,19,0,9,0,0,0,0,0
500,470,18,20,0,4,0,0,0,0,0
500,471,18,21,0,5,2,2,0,0,0
500,472,18,22,0,14,0,1,0,0,0
500,473,18,23,1,0,1,0,0,0,0
500,474,18,24,0,23,2,0,0,0,0
500,475,19,0,0,0,0,0,0,0,0
500,476,19,1,0,0,0,3,0,0,0
500,477,19,2,8,3,1,1,0,0,0
500,478,19,3,0,0,0,3,0,0,0
500,479,19,4,0,23,2,0,0,0,0
500,480,19,5,0,3,3,0,0,0,0
500,481,19,6,0,26,0,1,0,0,0
500,482,19,7,0,0,1,0,0,0,0
500,483,19,8,0,11,2,1,0,0,0
500,484,19,9,1,29,0,0,0,0,0
500,485,19,10,1,31,1,0,0,0,0
500,486,19,11,0,0,0,2,0,0,0
500,487,19,12,14,0,0,2,0,0,0
500,488,19,13,8,18,1,2,0,0,0
500,489,19,14,9,5,1,0,0,0,0
500,490,19,15,19,21,0,1,0,0,0
500,491,19,16,17,3,0,2,0,0,0
500,492,19,17,0,1,2,0,0,0,0
500,493,19,18,0,2,1,2,0,0,0
500,494,19,19,4,4,2,1,0,0,0
500,495,19,20,8,9,0,0,0,0,0
500,496,19,21,28,4,1,3,0,0,0
500,497,19,22,29,20,0,1,0,0,0
500,498,19,23,1,13,1,1,0,0,0
500,499,19,24,34,9,0,0,0,0,0
500,500,20,0,0,0,0,2,0,0,0
500,501,20,1,0,0,2,1,0,0,0
500,502,20,2,0,14,1,1,0,0,0
500,503,20,3,8,0,1,3,0,0,0
500,504,20,4,0,0,1,3,0,0,0
500,505,20,5,0,20,2,0,0,0,0
500,506,20,6,0,0,0,2,0,0,0
500,507,20,7,1,15,0,0,0,0,0
500,508,20,8,0,10,0,0,0,0,0
500,509,20,9,8,0,1,2,0,0,0
500,510,20,10,0,0,0,0,0,0,0
500,511,20,11,25,23,0,1,0,0,0
500,512,20,12,0,0,3,1,0,0,0
500,513,20,13,0,9,2,1,0,0,0
500,514,20,14,1,0,2,4,0,0,0
500,515,20,15,17,0,0,1,0,0,0
500,516,20,16,0,0,0,1,0,0,0
500,517,20,17,0,15,1,4,0,0,0
500,518,20,18,17,0,0,1,0,0,0
500,519,20,19,15,8,0,0,0,0,0
500,520,20,20,19,0,1,5,0,0,0
500,521,20,21,0,0,0,2,0,0,0
500,522,20,22,4,12,0,0,0,0,0
500,523,20,23,31,1,0,2,0,0,0
500,524,20,24,23,1,2,0,0,0,0
500,525,21,0,1,0,2,7,0,0,0
500,526,21,1,0,0,2,3,0,0,0
500,527,21,2,0,0,1,1,0,0,0
500,528,21,3,1,15,2,1,0,0,0
500,529,21,4,0,8,0,0,0,0,0
500,530,21,5,0,0,2,1,0,0,0
500,531,21,6,0,24,1,1,0,0,0
500,532,21,7,2,1,2,1,0,0,0
500,533,21,8,0,5,1,2,0,0,0
500,534,21,9,23,20,0,3,0,0,0
500,535,21,10,19,15,1,0,0,0,0
500,536,21,11,0,0,1,2,0,0,0
500,537,21,12,3,13,2,1,0,0,0
500,538,21,13,0,0,1,0,0,0,0
500,539,21,14,12,2,0,3,0,0,0
500,540,21,15,4,3,0,0,0,0,0
500,541,21,16,1,0,2,0,0,0,0
500,542,21,17,24,0,1,0,0,0,0
500,543,21,18,2,1,3,0,0,0,0
500,544,21,19,0,6,3,1,0,0,0
500,545,21,20,22,0,1,2,0,0,0
500,546,21,21,34,0,0,1,0,0,0
500,547,21,22,22,15,0,1,0,0,0
500,548,21,23,2,1,2,2,0,0,0
500,549,21,24,3,0,1,0,0,0,0
500,550,22,0,0,0,3,2,0,0,0
500,551,22,1,0,5,1,0,0,0,0
500,552,22,2,0,20,0,0,0,0,0
500,553,22,3,0,27,0,0,0,0,0
500,554,22,4,0,6,0,1,0,0,0
500,555,22,5,16,0,0,1,0,0,0
500,556,22,6,0,0,1,1,0,0,0
500,557,22,7,0,7,1,0,0,0,0
500,558,22,8,10,1,0,0,0,0,0
500,559,22,9,1,11,0,2,0,0,0
500,560,22,10,2,9,0,1,0,0,0
500,561,22,11,0,13,2,2,0,0,0
500,562,22,12,2,36,3,0,0,0,0
500,563,22,13,28,5,1,3,0,0,0
500,564,22,14,14,6,1,0,0,0,0
500,565,22,15,11,14,0,0,0,0,0
500,566,22,16,18,22,0,0,0,0,0
500,567,22,17,14,22,0,0,0,0,0
500,568,22,18,0,35,1,0,0,0,0
500,569,22,19,26,9,0,0,0,0,0
500,570,22,20,31,0,0,0,0,0,0
500,571,22,21,15,10,0,1,0,0,0
500,572,22,22,30,15,0,1,0,0,0
500,573,22,23,26,0,1,1,0,0,0
500,574,22,24,22,25,0,0,0,0,0
500,575,23,0,0,0,1,4,0,0,0
500,576,23,1,3,0,0,0,0,0,0
500,577,23,2,1,0,3,0,0,0,0
500,578,23,3,0,0,2,1,0,0,0
500,579,23,4,0,2,1,2,0,0,0
500,580,23,5,2,12,0,2,0,0,0
500,581,23,6,20,15,1,0,0,0,0
500,582,23,7,24,0,1,1,0,0,0
500,583,23,8,0,24,1,3,0,0,0
500,584,23,9,0,0,2,0,0,0,0
500,585,23,10,24,11,0,3,0,0,0
500,586,23,11,9,8,1,1,0,0,0
500,587,23,12,0,0,5,0,0,0,0
500,588,23,13,17,0,1,1,0,0,0
500,589,23,14,17,2,1,2,0,0,0
500,590,23,15,4,0,3,2,0,0,0
500,591,23,16,23,8,0,2,0,0,0
500,592,23,17,13,13,1,2,0,0,0
500,593,23,18,17,11,0,1,0,0,0
500,594,23,19,11,20,0,4,0,0,0
500,595,23,20,36,15,0,0,0,0,0
500,596,23,21,20,1,1,1,0,0,0
500,597,23,22,17,2,3,1,0,0,0
500,598,23,23,8,28,0,0,0,0,0
500,599,23,24,3,0,1,2,0,0,0
500,600,24,0,0,0,2,2,0,0,0
500,601,24,1,0,0,1,3,0,0,0
500,602,24,2,10,1,2,0,0,0,0
500,603,24,3,14,4,0,1,0,0,0
500,604,24,4,0,22,0,0,0,0,0
500,605,24,5,16,7,4,0,0,0,0
500,606,24,6,0,5,2,1,0,0,0
500,607,24,7,4,2,2,0,0,0,0
500,608,24,8,4,0,0,2,0,0,0
500,609,24,9,5,0,0,1,0,0,0
500,610,24,10,18,0,1,3,0,0,0
500,611,24,11,7,0,1,2,0,0,0
500,612,24,12,10,0,0,4,0,0,0
500,613,24,13,0,0,3,0,0,0,0
500,614,24,14,3,7,1,3,0,0,0
500,615,24,15,17,22,1,0,0,0,0
500,616,24,16,10,0,1,1,0,0,0
500,617,24,17,18,17,0,1,0,0,0
500,618,24,18,7,0,1,1,0,0,0
500,619,24,19,29,38,2,0,0,0,0
500,620,24,20,10,25,1,0,0,0,0
500,621,24,21,35,31,1,1,0,0,0
500,622,24,22,38,4,1,0,0,0,0
500,623,24,23,10,22,0,2,0,0,0
500,624,24,24,10,13,0,4,0,0,0
600,0,0,0,0,0,3,2,0,0,0
600,1,0,1,0,0,3,2,0,0,0
600,2,0,2,0,0,4,1,0,0,0
600,3,0,3,0,0,4,3,0,0,0
600,4,0,4,0,0,2,0,0,0,0
600,5,0,5,0,0,3,1,0,0,0
600,6,0,6,0,0,2,1,0,0,0
600,7,0,7,0,0,2,2,0,0,0
600,8,0,8,0,0,3,2,0,0,0
600,9,0,9,0,0,2,3,0,0,0
600,10,0,10,0,0,2,7,0,0,0
600,11,0,11,0,0,2,1,0,0,0
600,12,0,12,0,0,1,1,0,0,0
600,13,0,13,0,0,2,3,0,0,0
600,14,0,14,0,0,1,1,0,0,0
600,15,0,15,0,0,5,2,0,0,0
600,16,0,16,0,0,2,5,0,0,0
600,17,0,17,0,0,0,5,0,0,0
600,18,0,18,2,0,2,1,0,0,0
600,19,0,19,1,0,2,2,0,0,0
600,20,0,20,0,0,3,3,0,0,0
600,21,0,21,0,0,0,2,0,0,0
600,22,0,22,12,14,0,1,0,0,0
600,23,0,23,0,1,1,1,0,0,0
600,24,0,24,2,0,2,1,0,0,0
600,25,1,0,0,1,3,1,0,0,0
600,26,1,1,0,0,0,2,0,0,0
600,27,1,2,0,0,0,1,0,0,0
600,28,1,3,0,0,4,1,0,0,0
600,29,1,4,1,0,3,2,0,0,0
600,30,1,5,0,0,1,1,0,0,0
600,31,1,6,0,0,2,2,0,0,0
600,32,1,7,0,0,1,1,0,0,0
600,33,1,8,0,0,1,2,0,0,0
600,34,1,9,1,0,0,4,0,0,0
600,35,1,10,0,0,2,2,0,0,0
600,36,1,11,16,0,1,2,0,0,0
600,37,1,12,5,0,0,4,0,0,0
600,38,1,13,4,12,5,0,0,0,0
600,39,1,14,4,1,1,1,0,0,0
600,40,1,15,2,10,2,3,0,0,0
600,41,1,16,0,9,2,0,0,0,0
600,42,1,17,34,0,0,0,0,0,0
600,43,1,18,2,0,0,1,0,0,0
600,44,1,19,6,0,0,5,0,0,0
600,45,1,20,33,21,0,1,0,0,0
600,46,1,21,3,8,0,0,0,0,0
600,47,1,22,10,6,2,2,0,0,0
600,48,1,23,0,0,1,0,0,0,0
600,49,1,24,22,0,1,1,0,0,0
600,50,2,0,0,0,2,2,0,0,0
600,51,2,1,0,1,1,2,0,0,0
600,52,2,2,0,0,3,5,0,0,0
600,53,2,3,0,0,0,5,0,0,0
600,54,2,4,0,0,0,1,0,0,0
600,55,2,5,1,0,0,2,0,0,0
600,56,2,6,0,0,4,0,0,0,0
600,57,2,7,0,4,1,2,0,0,0
600,58,2,8,10,0,1,1,0,0,0
600,59,2,9,0,0,1,0,0,0,0
600,60,2,10,0,0,0,4,0,0,0
600,61,2,11,0,15,2,1,0,0,0
600,62,2,12,0,0,1,1,0,0,0
600,63,2,13,8,1,3,1,0,0,0
600,64,2,14,0,0,0,2,0,0,0
600,65,2,15,3,3,2,2,0,0,0
600,66,2,16,0,4,2,1,0,0,0
600,67,2,17,0,3,5,0,0,0,0
600,68,2,18,8,12,1,0,0,0,0
600,69,2,19,0,0,1,3,0,0,0
600,70,2,20,0,6,3,4,0,0,0
600,71,2,21,0,0,0,0,0,0,0
600,72,2,22,8,14,0,1,0,0,0
600,73,2,23,18,0,0,2,0,0,0
600,74,2,24,0,0,0,0,0,0,0
600,75,3,0,1,0,2,3,0,0,0
600,76,3,1,0,0,0,3,0,0,0
600,77,3,2,0,0,1,0,0,0,0
600,78,3,3,0,0,2,1,0,0,0
600,79,3,4,6,0,1,1,0,0,0
600,80,3,5,0,1,2,0,0,0,0
600,81,3,6,0,1,7,1,0,0,0
600,82,3,7,0,0,2,2,0,0,0
600,83,3,8,0,0,0,2,0,0,0
600,84,3,9,0,0,1,0,0,0,0
600,85,3,10,0,0,1,3,0,0,0
600,86,3,11,1,0,1,2,0,0,0
600,87,3,12,1,0,1,2,0,0,0
600,88,3,13,4,11,0,1,0,0,0
600,89,3,14,13,0,0,1,0,0,0
600,90,3,15,2,0,1,2,0,0,0
600,91,3,16,4,0,1,3,0,0,0
600,92,3,17,0,9,3,0,0,0,0
600,93,3,18,4,0,0,0,0,0,0
600,94,3,19,8,0,2,4,0,0,0
600,95,3,20,12,4,2,0,0,0,0
600,96,3,21,12,0,2,0,0,0,0
600,97,3,22,2,3,0,2,0,0,0
600,98,3,23,1,3,0,0,0,0,0
600,99,3,24,4,0,0,2,0,0,0
600,100,4,0,0,0,2,4,0,0,0
600,101,4,1,0,0,3,2,0,0,0
600,102,4,2,0,0,2,3,0,0,0
600,103,4,3,3,0,2,1,0,0,0
600,104,4,4,0,1,0,2,0,0,0
600,105,4,5,0,0,4,2,0,0,0
600,106,4,6,11,0,0,0,0,0,0
600,107,4,7,0,2,1,0,0,0,0
600,108,4,8,18,17,0,1,0,0,0
600,109,4,9,4,0,1,1,0,0,0
600,110,4,10,29,0,1,0,0,0,0
600,111,4,11,0,0,3,1,0,0,0
600,112,4,12,27,0,1,1,0,0,0
600,113,4,13,4,2,2,0,0,0,0
600,114,4,14,0,18,2,1,0,0,0
600,115,4,15,0,1,0,2,0,0,0
600,116,4,16,16,1,2,4,0,0,0
600,117,4,17,1,1,1,0,0,0,0
600,118,4,18,10,2,2,2,0,0,0
600,119,4,19,23,0,1,1,0,0,0
600,120,4,20,2,0,0,0,0,0,0
600,121,4,21,0,13,0,0,0,0,0
600,122,4,22,0,29,2,0,0,0,0
600,123,4,23,0,7,1,2,0,0,0
600,124,4,24,1,3,0,2,0,0,0
600,125,5,0,0,0,2,0,0,0,0
600,126,5,1,1,0,0,1,0,0,0
600,127,5,2,0,0,4,0,0,0,0
600,128,5,3,0,0,1,1,0,0,0
600,129,5,4,0,0,1,1,0,0,0
600,130,5,5,0,0,1,2,0,0,0
600,131,5,6,0,0,0,0,0,0,0
600,132,5,7,20,3,0,2,0,0,0
600,133,5,8,1,0,1,2,0,0,0
600,134,5,9,1,0,1,1,0,0,0
600,135,5,10,12,0,0,4,0,0,0
600,136,5,11,2,0,1,1,0,0,0
600,137,5,12,0,9,1,4,0,0,0
600,138,5,13,6,0,0,1,0,0,0
600,139,5,14,0,1,1,2,0,0,0
600,140,5,15,0,1,0,3,0,0,0
600,141,5,16,0,0,0,0,0,0,0
600,142,5,17,2,0,1,3,0,0,0
600,143,5,18,0,0,2,0,0,0,0
600,144,5,19,5,21,3,1,0,0,0
600,145,5,20,0,1,2,0,0,0,0
600,146,5,21,3,0,2,1,0,0,0
600,147,5,22,7,6,0,1,0,0,0
600,148,5,23,22,0,1,0,0,0,0
600,149,5,24,1,0,2,2,0,0,0
600,150,6,0,0,0,6,5,0,0,0
600,151,6,1,0,0,4,2,0,0,0
600,152,6,2,0,6,0,1,0,0,0
600,153,6,3,0,0,0,1,0,0,0
600,154,6,4,0,0,1,0,0,0,0
600,155,6,5,0,0,1,0,0,0,0
600,156,6,6,0,0,1,2,0,0,0
600,157,6,7,28,9,0,1,0,0,0
600,158,6,8,0,0,0,0,0,0,0
600,159,6,9,10,8,2,1,0,0,0
600,160,6,10,1,0,0,0,0,0,0
600,161,6,11,0,0,2,2,0,0,0
600,162,6,12,29,0,1,1,0,0,0
600,163,6,13,6,2,0,1,0,0,0
600,164,6,14,0,0,1,0,0,0,0
600,165,6,15,1,4,0,1,0,0,0
600,166,6,16,8,0,1,0,0,0,0
600,167,6,17,12,0,0,3,0,0,0
600,168,6,18,7,0,1,0,0,0,0
600,169,6,19,1,1,2,0,0,0,0
600,170,6,20,1,0,2,3,0,0,0
600,171,6,21,0,19,3,2,0,0,0
600,172,6,22,7,2,0,0,0,0,0
600,173,6,23,0,1,0,3,0,0,0
600,174,6,24,0,2,1,0,0,0,0
600,175,7,0,0,0,2,3,0,0,0
600,176,7,1,10,0,1,1,0,0,0
600,177,7,2,0,0,1,1,0,0,0
600,178,7,3,0,0,0,2,0,0,0
600,179,7,4,0,3,0,0,0,0,0
600,180,7,5,0,0,1,1,0,0,0
600,181,7,6,0,0,1,1,0,0,0
600,182,7,7,0,0,2,0,0,0,0
600,183,7,8,15,0,0,2,0,0,0
600,184,7,9,14,2,0,2,0,0,0
600,185,7,10,0,4,6,0,0,0,0
600,186,7,11,0,17,0,0,0,0,0
600,187,7,12,1,23,0,0,0,0,0
600,188,7,13,0,0,3,3,0,0,0
600,189,7,14,1,0,0,8,0,0,0
600,190,7,15,0,0,1,2,0,0,0
600,191,7,16,0,11,0,1,0,0,0
600,192,7,17,0,0,3,4,0,0,0
600,193,7,18,0,0,2,1,0,0,0
600,194,7,19,15,0,0,0,0,0,0
600,195,7,20,4,1,2,0,0,0,0
600,196,7,21,0,1,0,0,0,0,0
600,197,7,22,1,23,0,2,0,0,0
600,198,7,23,1,7,2,0,0,0,0
600,199,7,24,41,6,0,1,0,0,0
600,200,8,0,0,0,4,2,0,0,0
600,201,8,1,0,0,1,0,0,0,0
600,202,8,2,3,0,2,2,0,0,0
600,203,8,3,0,0,4,3,0,0,0
600,204,8,4,0,17,1,0,0,0,0
600,205,8,5,0,4,0,0,0,0,0
600,206,8,6,1,0,0,0,0,0,0
600,207,8,7,0,5,3,3,0,0,0
600,208,8,8,2,4,0,1,0,0,0
600,209,8,9,3,8,1,1,0,0,0
600,210,8,10,0,3,2,1,0,0,0
600,211,8,11,0,0,3,2,0,0,0
600,212,8,12,0,0,0,2,0,0,0
600,213,8,13,0,0,0,0,0,0,0
600,214,8,14,0,3,0,0,0,0,0
600,215,8,15,3,23,2,2,0,0,0
600,216,8,16,0,0,1,3,0,0,0
600,217,8,17,2,0,0,0,0,0,0
600,218,8,18,20,1,1,1,0,0,0
600,219,8,19,0,0,0,4,0,0,0
600,220,8,20,32,1,0,0,0,0,0
600,221,8,21,4,0,2,0,0,0,0
600,222,8,22,0,2,0,1,0,0,0
600,223,8,23,10,4,0,1,0,0,0
600,224,8,24,9,0,1,3,0,0,0
600,225,9,0,0,0,0,2,0,0,0
600,226,9,1,0,0,2,1,0,0,0
600,227,9,2,0,0,1,0,0,0,0
600,228,9,3,0,0,1,1,0,0,0
600,229,9,4,0,5,2,0,0,0,0
600,230,9,5,0,0,0,4,0,0,0
600,231,9,6,2,4,1,2,0,0,0
600,232,9,7,5,0,0,1,0,0,0
600,233,9,8,8,0,0,2,0,0,0
600,234,9,9,1,8,0,0,0,0,0
600,235,9,10,1,0,5,1,0,0,0
600,236,9,11,0,0,0,3,0,0,0
600,237,9,12,0,5,1,3,0,0,0
600,238,9,13,0,0,0,1,0,0,0
600,239,9,14,0,0,3,0,0,0,0
600,240,9,15,0,0,1,0,0,0,0
600,241,9,16,2,0,3,1,0,0,0
600,242,9,17,0,0,1,2,0,0,0
600,243,9,18,11,0,3,1,0,0,0
600,244,9,19,0,0,2,1,0,0,0
600,245,9,20,0,8,2,2,0,0,0
600,246,9,21,16,24,3,0,0,0,0
600,247,9,22,12,0,0,1,0,0,0
600,248,9,23,4,5,0,1,0,0,0
600,249,9,24,5,0,2,0,0,0,0
600,250,10,0,0,0,1,4,0,0,0
600,251,10,1,0,0,0,2,0,0,0
600,252,10,2,1,8,1,0,0,0,0
600,253,10,3,0,0,1,1,0,0,0
600,254,10,4,0,0,3,2,0,0,0
600,255,10,5,0,0,2,3,0,0,0
600,256,10,6,0,0,2,0,0,0,0
600,257,10,7,0,7,1,0,0,0,0
600,258,10,8,0,0,5,1,0,0,0
600,259,10,9,24,7,1,0,0,0,0
600,260,10,10,9,0,0,1,0,0,0
600,261,10,11,8,18,1,2,0,0,0
600,262,10,12,0,5,2,2,0,0,0
600,263,10,13,3,0,4,2,0,0,0
600,264,10,14,0,12,1,1,0,0,0
600,265,10,15,1,0,3,0,0,0,0
600,266,10,16,0,9,0,1,0,0,0
600,267,10,17,0,0,1,3,0,0,0
600,268,10,18,25,0,0,0,0,0,0
600,269,10,19,4,1,1,0,0,0,0
600,270,10,20,11,0,0,1,0,0,0
600,271,10,21,4,0,2,0,0,0,0
600,272,10,22,0,44,0,1,0,0,0
600,273,10,23,20,0,2,0,0,0,0
600,274,10,24,9,0,1,2,0,0,0
600,275,11,0,0,0,1,5,0,0,0
600,276,11,1,0,1,3,1,0,0,0
600,277,11,2,0,0,4,1,0,0,0
600,278,11,3,0,1,4,3,0,0,0
600,279,11,4,0,0,0,1,0,0,0
600,280,11,5,0,18,0,2,0,0,0
600,281,11,6,6,0,0,0,0,0,0
600,282,11,7,1,0,1,1,0,0,0
600,283,11,8,17,0,1,0,0,0,0
600,284,11,9,0,1,0,0,0,0,0
600,285,11,10,0,3,0,1,0,0,0
600,286,11,11,0,4,0,0,0,0,0
600,287,11,12,0,1,0,1,0,0,0
600,288,11,13,0,2,0,1,0,0,0
600,289,11,14,0,0,0,0,0,0,0
600,290,11,15,7,1,1,1,0,0,0
600,291,11,16,3,0,1,0,0,0,0
600,292,11,17,10,0,0,3,0,0,0
600,293,11,18,19,0,4,1,0,0,0
600,294,11,19,28,9,0,1,0,0,0
600,295,11,20,0,0,1,3,0,0,0
600,296,11,21,12,17,1,0,0,0,0
600,297,11,22,0,1,0,0,0,0,0
600,298,11,23,0,0,3,3,0,0,0
600,299,11,24,8,0,0,0,0,0,0
600,300,12,0,0,0,1,2,0,0,0
600,301,12,1,0,0,1,0,0,0,0
600,302,12,2,0,1,2,3,0,0,0
600,303,12,3,0,0,1,1,0,0,0
600,304,12,4,0,0,2,2,0,0,0
600,305,12,5,0,1,1,0,0,0,0
600,306,12,6,9,2,0,0,0,0,0
600,307,12,7,0,0,4,1,0,0,0
600,308,12,8,0,0,1,1,0,0,0
600,309,12,9,13,0,0,0,0,0,0
600,310,12,10,33,0,0,2,0,0,0
600,311,12,11,11,1,1,0,0,0,0
600,312,12,12,47,1,1,1,0,0,0
600,313,12,13,0,0,1,4,0,0,0
600,314,12,14,5,0,0,0,0,0,0
600,315,12,15,4,0,0,3,0,0,0
600,316,12,16,0,4,2,0,0,0,0
600,317,12,17,0,0,2,0,0,0,0
600,318,12,18,2,0,2,1,0,0,0
600,319,12,19,0,14,0,4,0,0,0
600,320,12,20,0,21,2,1,0,0,0
600,321,12,21,19,12,1,0,0,0,0
600,322,12,22,36,20,1,0,0,0,0
600,323,12,23,0,0,2,2,0,0,0
600,324,12,24,10,27,4,0,0,0,0
600,325,13,0,6,0,2,1,0,0,0
600,326,13,1,0,0,1,0,0,0,0
600,327,13,2,1,0,2,1,0,0,0
600,328,13,3,0,0,1,2,0,0,0
600,329,13,4,0,0,2,0,0,0,0
600,330,13,5,0,0,2,1,0,0,0
600,331,13,6,0,0,1,1,0,0,0
600,332,13,7,0,0,4,0,0,0,0
600,333,13,8,0,32,1,0,0,0,0
600,334,13,9,29,0,0,2,0,0,0
600,335,13,10,0,0,0,0,0,0,0
600,336,13,11,0,0,1,1,0,0,0
600,337,13,12,8,0,1,3,0,0,0
600,338,13,13,11,1,2,2,0,0,0
600,339,13,14,0,0,0,1,0,0,0
600,340,13,15,7,2,2,2,0,0,0
600,341,13,16,0,0,0,2,0,0,0
600,342,13,17,0,0,0,2,0,0,0
600,343,13,18,2,0,0,0,0,0,0
600,344,13,19,0,0,1,2,0,0,0
600,345,13,20,10,6,0,1,0,0,0
600,346,13,21,1,1,0,2,0,0,0
600,347,13,22,14,0,1,0,0,0,0
600,348,13,23,14,0,1,1,0,0,0
600,349,13,24,4,10,0,1,0,0,0
600,350,14,0,0,0,1,1,0,0,0
600,351,14,1,0,0,2,0,0,0,0
600,352,14,2,0,0,1,3,0,0,0
600,353,14,3,0,8,1,3,0,0,0
600,354,14,4,0,0,0,2,0,0,0
600,355,14,5,8,1,0,1,0,0,0
600,356,14,6,0,0,0,0,0,0,0
600,357,14,7,18,32,0,0,0,0,0
600,358,14,8,0,16,0,1,0,0,0
600,359,14,9,0,0,3,0,0,0,0
600,360,14,10,0,0,1,2,0,0,0
600,361,14,11,0,0,5,1,0,0,0
600,362,14,12,0,0,1,1,0,0,0
600,363,14,13,2,0,0,3,0,0,0
600,364,14,14,0,1,2,2,0,0,0
600,365,14,15,10,24,2,1,0,0,0
600,366,14,16,0,0,0,1,0,0,0
600,367,14,17,0,1,1,1,0,0,0
600,368,14,18,7,17,1,0,0,0,0
600,369,14,19,3,16,0,1,0,0,0
600,370,14,20,1,24,3,1,0,0,0
600,371,14,21,1,24,0,0,0,0,0
600,372,14,22,10,4,0,2,0,0,0
600,373,14,23,0,0,1,1,0,0,0
600,374,14,24,0,3,4,0,0,0,0
600,375,15,0,0,0,2,1,0,0,0
600,376,15,1,1,4,4,2,0,0,0
600,377,15,2,10,1,2,1,0,0,0
600,378,15,3,3,4,3,0,0,0,0
600,379,15,4,0,12,1,2,0,0,0
600,380,15,5,0,0,2,1,0,0,0
600,381,15,6,0,0,1,0,0,0,0
600,382,15,7,0,0,3,1,0,0,0
600,383,15,8,4,22,0,1,0,0,0
600,384,15,9,19,0,2,3,0,0,0
600,385,15,10,6,1,0,1,0,0,0
600,386,15,11,0,0,5,1,0,0,0
600,387,15,12,0,0,1,2,0,0,0
600,388,15,13,1,3,1,2,0,0,0
600,389,15,14,21,0,0,0,0,0,0
600,390,15,15,0,0,0,0,0,0,0
600,391,15,16,0,0,2,0,0,0,0
600,392,15,17,32,16,0,0,0,0,0
600,393,15,18,0,0,1,4,0,0,0
600,394,15,19,16,11,1,3,0,0,0
600,395,15,20,6,0,2,0,0,0,0
600,396,15,21,5,1,0,2,0,0,0
600,397,15,22,3,38,1,0,0,0,0
600,398,15,23,5,0,0,0,0,0,0
600,399,15,24,1,0,4,1,0,0,0
600,400,16,0,0,0,1,0,0,0,0
600,401,16,1,0,0,2,1,0,0,0
600,402,16,2,0,0,3,1,0,0,0
600,403,16,3,1,0,0,3,0,0,0
600,404,16,4,0,1,0,1,0,0,0
600,405,16,5,13,13,0,0,0,0,0
600,406,16,6,10,1,1,1,0,0,0
600,407,16,7,0,0,3,2,0,0,0
600,408,16,8,1,0,2,4,0,0,0
600,409,16,9,0,1,0,1,0,0,0
600,410,16,10,14,12,2,0,0,0,0
600,411,16,11,5,0,1,2,0,0,0
600,412,16,12,1,5,2,1,0,0,0
600,413,16,13,0,0,0,3,0,0,0
600,414,16,14,14,0,0,1,0,0,0
600,415,16,15,0,10,1,1,0,0,0
600,416,16,16,6,21,1,0,0,0,0
600,417,16,17,22,0,0,1,0,0,0
600,418,16,18,12,2,1,3,0,0,0
600,419,16,19,30,4,0,2,0,0,0
600,420,16,20,17,3,1,3,0,0,0
600,421,16,21,33,3,0,1,0,0,0
600,422,16,22,10,0,2,0,0,0,0
600,423,16,23,0,0,4,2,0,0,0
600,424,16,24,1,0,1,0,0,0,0
600,425,17,0,0,0,2,1,0,0,0
600,426,17,1,0,0,1,2,0,0,0
600,427,17,2,0,24,2,0,0,0,0
600,428,17,3,6,1,0,2,0,0,0
600,429,17,4,0,24,2,0,0,0,0
600,430,17,5,6,0,3,2,0,0,0
600,431,17,6,0,26,3,1,0,0,0
600,432,17,7,0,0,0,0,0,0,0
600,433,17,8,16,2,1,0,0,0,0
600,434,17,9,0,1,0,1,0,0,0
600,435,17,10,2,24,6,4,0,0,0
600,436,17,11,0,16,3,1,0,0,0
600,437,17,12,3,21,1,1,0,0,0
600,438,17,13,0,3,2,3,0,0,0
600,439,17,14,0,1,2,2,0,0,0
600,440,17,15,4,37,2,1,0,0,0
600,441,17,16,9,5,0,1,0,0,0
600,442,17,17,23,17,0,0,0,0,0
600,443,17,18,22,23,0,0,0,0,0
600,444,17,19,2,29,0,0,0,0,0
600,445,17,20,21,5,1,2,0,0,0
600,446,17,21,25,24,3,0,0,0,0
600,447,17,22,14,0,0,1,0,0,0
600,448,17,23,4,0,0,1,0,0,0
600,449,17,24,47,0,0,1,0,0,0
600,450,18,0,0,0,2,3,0,0,0
600,451,18,1,2,1,0,0,0,0,0
600,452,18,2,0,16,2,1,0,0,0
600,453,18,3,3,2,1,0,0,0,0
600,454,18,4,0,0,1,1,0,0,0
600,455,18,5,12,0,3,3,0,0,0
600,456,18,6,3,0,0,2,0,0,0
600,457,18,7,15,0,0,2,0,0,0
600,458,18,8,16,0,4,1,0,0,0
600,459,18,9,6,0,2,1,0,0,0
600,460,18,10,1,0,0,2,0,0,0
600,461,18,11,19,11,0,2,0,0,0
600,462,18,12,10,3,1,2,0,0,0
600,463,18,13,3,0,1,1,0,0,0
600,464,18,14,13,0,2,1,0,0,0
600,465,18,15,15,8,1,3,0,0,0
600,466,18,16,6,8,0,5,0,0,0
600,467,18,17,26,36,0,1,0,0,0
600,468,18,18,32,6,3,0,0,0,0
600,469,18,19,34,6,0,1,0,0,0
600,470,18,20,16,25,2,2,0,0,0
600,471,18,21,29,22,0,0,0,0,0
600,472,18,22,10,1,0,3,0,0,0
600,473,18,23,22,0,1,0,0,0,0
600,474,18,24,36,0,2,1,0,0,0
600,475,19,0,2,0,3,3,0,0,0
600,476,19,1,0,0,0,1,0,0,0
600,477,19,2,0,1,1,3,0,0,0
600,478,19,3,12,2,0,0,0,0,0
600,479,19,4,0,1,1,1,0,0,0
600,480,19,5,13,0,0,2,0,0,0
600,481,19,6,0,6,0,2,0,0,0
600,482,19,7,1,4,0,0,0,0,0
600,483,19,8,0,0,0,0,0,0,0
600,484,19,9,0,0,2,2,0,0,0
600,485,19,10,40,6,1,2,0,0,0
600,486,19,11,1,0,3,0,0,0,0
600,487,19,12,12,0,0,1,0,0,0
600,488,19,13,0,9,4,0,0,0,0
600,489,19,14,0,33,1,1,0,0,0
600,490,19,15,28,0,0,0,0,0,0
600,491,19,16,17,0,0,1,0,0,0
600,492,19,17,5,20,0,0,0,0,0
600,493,19,18,31,35,0,0,0,0,0
600,494,19,19,24,37,1,0,0,0,0
600,495,19,20,9,11,0,0,0,0,0
600,496,19,21,17,18,2,0,0,0,0
600,497,19,22,15,29,0,1,0,0,0
600,498,19,23,14,15,3,0,0,0,0
600,499,19,24,9,1,1,0,0,0,0
600,500,20,0,0,0,0,5,0,0,0
600,501,20,1,0,0,0,1,0,0,0
600,502,20,2,0,0,0,1,0,0,0
600,503,20,3,2,2,0,0,0,0,0
600,504,20,4,13,0,0,1,0,0,0
600,505,20,5,1,6,0,1,0,0,0
600,506,20,6,14,2,0,2,0,0,0
600,507,20,7,0,8,4,0,0,0,0
600,508,20,8,0,6,1,2,0,0,0
600,509,20,9,0,14,2,0,0,0,0
600,510,20,10,0,13,3,0,0,0,0
600,511,20,11,4,8,0,0,0,0,0
600,512,20,12,1,12,2,0,0,0,0
600,513,20,13,27,10,2,0,0,0,0
600,514,20,14,8,0,3,0,0,0,0
600,515,20,15,5,30,0,0,0,0,0
600,516,20,16,27,7,0,0,0,0,0
600,517,20,17,19,18,0,0,0,0,0
600,518,20,18,22,17,0,2,0,0,0
600,519,20,19,0,28,2,0,0,0,0
600,520,20,20,0,28,0,0,0,0,0
600,521,20,21,28,18,1,2,0,0,0
600,522,20,22,7,24,2,1,0,0,0
600,523,20,23,18,30,1,0,0,0,0
600,524,20,24,13,3,1,0,0,0,0
600,525,21,0,0,0,1,1,0,0,0
600,526,21,1,0,0,0,2,0,0,0
600,527,21,2,0,1,1,2,0,0,0
600,528,21,3,0,0,2,3,0,0,0
600,529,21,4,0,0,0,2,0,0,0
600,530,21,5,2,0,1,0,0,0,0
600,531,21,6,0,0,0,4,0,0,0
600,532,21,7,0,0,0,0,0,0,0
600,533,21,8,12,1,0,0,0,0,0
600,534,21,9,0,1,0,2,0,0,0
600,535,21,10,21,0,2,2,0,0,0
600,536,21,11,0,0,2,0,0,0,0
600,537,21,12,1,6,1,1,0,0,0
600,538,21,13,1,14,1,3,0,0,0
600,539,21,14,6,0,0,0,0,0,0
600,540,21,15,13,40,0,0,0,0,0
600,541,21,16,6,0,2,0,0,0,0
600,542,21,17,14,0,0,1,0,0,0
600,543,21,18,16,11,0,3,0,0,0
600,544,21,19,6,1,2,2,0,0,0
600,545,21,20,30,43,1,1,0,0,0
600,546,21,21,16,23,1,1,0,0,0
600,547,21,22,36,23,1,0,0,0,0
600,548,21,23,16,18,2,0,0,0,0
600,549,21,24,1,2,6,1,0,0,0
600,550,22,0,0,0,1,1,0,0,0
600,551,22,1,19,0,0,4,0,0,0
600,552,22,2,12,0,0,2,0,0,0
600,553,22,3,35,0,0,4,0,0,0
600,554,22,4,5,34,0,0,0,0,0
600,555,22,5,0,29,4,0,0,0,0
600,556,22,6,5,20,2,1,0,0,0
600,557,22,7,2,15,1,0,0,0,0
600,558,22,8,45,39,0,0,0,0,0
600,559,22,9,0,27,1,1,0,0,0
600,560,22,10,6,15,2,1,0,0,0
600,561,22,11,0,0,0,1,0,0,0
600,562,22,12,12,8,0,0,0,0,0
600,563,22,13,34,0,0,2,0,0,0
600,564,22,14,23,5,0,0,0,0,0
600,565,22,15,0,38,2,1,0,0,0
600,566,22,16,8,16,4,0,0,0,0
600,567,22,17,4,3,1,1,0,0,0
600,568,22,18,25,9,1,2,0,0,0
600,569,22,19,16,36,0,0,0,0,0
600,570,22,20,23,22,1,1,0,0,0
600,571,22,21,27,40,0,0,0,0,0
600,572,22,22,23,32,0,1,0,0,0
600,573,22,23,19,6,0,1,0,0,0
600,574,22,24,15,2,1,0,0,0,0
600,575,23,0,0,8,2,2,0,0,0
600,576,23,1,14,0,0,0,0,0,0
600,577,23,2,0,0,1,1,0,0,0
600,578,23,3,20,6,1,1,0,0,0
600,579,23,4,7,0,0,4,0,0,0
600,580,23,5,18,2,2,0,0,0,0
600,581,23,6,0,20,1,1,0,0,0
600,582,23,7,10,0,1,0,0,0,0
600,583,23,8,3,33,1,0,0,0,0
600,584,23,9,0,9,0,0,0,0,0
600,585,23,10,11,8,1,2,0,0,0
600,586,23,11,0,12,0,1,0,0,0
600,587,23,12,17,2,1,2,0,0,0
600,588,23,13,4,8,0,0,0,0,0
600,589,23,14,0,28,1,0,0,0,0
600,590,23,15,3,24,6,0,0,0,0
600,591,23,16,18,0,1,0,0,0,0
600,592,23,17,38,17,1,0,0,0,0
600,593,23,18,28,22,0,1,0,0,0
600,594,23,19,6,16,1,1,0,0,0
600,595,23,20,31,1,2,1,0,0,0
600,596,23,21,31,0,0,0,0,0,0
600,597,23,22,16,1,2,0,0,0,0
600,598,23,23,0,7,0,0,0,0,0
600,599,23,24,2,15,0,2,0,0,0
600,600,24,0,0,0,0,0,0,0,0
600,601,24,1,0,0,0,1,0,0,0
600,602,24,2,15,0,0,1,0,0,0
600,603,24,3,1,0,3,0,0,0,0
600,604,24,4,26,0,1,1,0,0,0
600,605,24,5,0,0,0,2,0,0,0
600,606,24,6,4,0,2,1,0,0,0
600,607,24,7,2,0,1,0,0,0,0
600,608,24,8,6,0,0,0,0,0,0
600,609,24,9,5,0,0,0,0,0,0
600,610,24,10,0,0,5,2,0,0,0
600,611,24,11,0,9,1,1,0,0,0
600,612,24,12,18,5,2,0,0,0,0
600,613,24,13,1,33,0,0,0,0,0
600,614,24,14,22,10,2,1,0,0,0
600,615,24,15,7,1,2,0,0,0,0
600,616,24,16,2,1,0,0,0,0,0
600,617,24,17,10,7,0,1,0,0,0
600,618,24,18,0,0,2,1,0,0,0
600,619,24,19,13,0,0,0,0,0,0
600,620,24,20,47,0,0,0,0,0,0
600,621,24,21,19,3,0,1,0,0,0
600,622,24,22,17,25,1,0,0,0,0
600,623,24,23,24,1,4,2,0,0,0
600,624,24,24,0,1,1,1,0,0,0
700,0,0,0,0,0,2,4,0,0,0
700,1,0,1,0,0,2,2,0,0,0
700,2,0,2,0,0,3,1,0,0,0
700,3,0,3,0,0,2,2,0,0,0
700,4,0,4,1,0,2,1,0,0,0
700,5,0,5,0,0,2,2,0,0,0
700,6,0,6,16,0,0,2,0,0,0
700,7,0,7,0,0,0,2,0,0,0
700,8,0,8,0,0,2,1,0,0,0
700,9,0,9,0,0,1,0,0,0,0
700,10,0,10,0,0,0,4,0,0,0
700,11,0,11,0,0,2,5,0,0,0
700,12,0,12,0,2,3,0,0,0,0
700,13,0,13,0,0,2,4,0,0,0
700,14,0,14,0,0,3,0,0,0,0
700,15,0,15,0,0,1,1,0,0,0
700,16,0,16,0,0,2,2,0,0,0
700,17,0,17,0,0,0,1,0,0,0
700,18,0,18,1,0,1,1,0,0,0
700,19,0,19,0,0,3,0,0,0,0
700,20,0,20,0,0,0,0,0,0,0
700,21,0,21,0,0,5,4,0,0,0
700,22,0,22,0,10,2,1,0,0,0
700,23,0,23,0,2,1,1,0,0,0
700,24,0,24,0,0,2,1,0,0,0
700,25,1,0,0,0,1,2,0,0,0
700,26,1,1,0,1,0,3,0,0,0
700,27,1,2,0,0,2,0,0,0,0
700,28,1,3,0,0,0,0,0,0,0
700,29,1,4,21,0,0,2,0,0,0
700,30,1,5,0,0,1,3,0,0,0
700,31,1,6,0,0,1,0,0,0,0
700,32,1,7,0,0,1,5,0,0,0
700,33,1,8,8,0,1,0,0,0,0
700,34,1,9,1,1,1,2,0,0,0
700,35,1,10,2,0,3,0,0,0,0
700,36,1,11,0,0,1,3,0,0,0
700,37,1,12,29,0,0,0,0,0,0
700,38,1,13,0,7,1,0,0,0,0
700,39,1,14,0,0,2,5,0,0,0
700,40,1,15,0,1,1,0,0,0,0
700,41,1,16,0,2,2,0,0,0,0
700,42,1,17,0,0,1,0,0,0,0
700,43,1,18,1,0,2,0,0,0,0
700,44,1,19,0,14,2,2,0,0,0
700,45,1,20,0,0,3,1,0,0,0
700,46,1,21,0,0,2,3,0,0,0
700,47,1,22,0,1,0,2,0,0,0
700,48,1,23,0,40,3,0,0,0,0
700,49,1,24,3,1,2,3,0,0,0
700,50,2,0,0,0,3,2,0,0,0
700,51,2,1,0,0,2,2,0,0,0
700,52,2,2,0,0,1,0,0,0,0
700,53,2,3,0,0,1,5,0,0,0
700,54,2,4,2,0,0,2,0,0,0
700,55,2,5,0,0,0,4,0,0,0
700,56,2,6,25,0,0,3,0,0,0
700,57,2,7,7,1,2,0,0,0,0
700,58,2,8,0,0,0,4,0,0,0
700,59,2,9,0,0,4,1,0,0,0
700,60,2,10,0,0,4,0,0,0,0
700,61,2,11,0,0,3,1,0,0,0
700,62,2,12,22,1,0,1,0,0,0
700,63,2,13,0,0,1,2,0,0,0
700,64,2,14,0,0,0,4,0,0,0
700,65,2,15,0,0,0,3,0,0,0
700,66,2,16,7,0,0,0,0,0,0
700,67,2,17,0,0,3,1,0,0,0
700,68,2,18,0,0,3,0,0,0,0
700,69,2,19,0,1,4,1,0,0,0
700,70,2,20,0,27,3,0,0,0,0
700,71,2,21,0,0,0,3,0,0,0
700,72,2,22,14,5,2,0,0,0,0
700,73,2,23,0,0,0,0,0,0,0
700,74,2,24,0,23,3,2,0,0,0
700,75,3,0,0,0,1,0,0,0,0
700,76,3,1,1,7,0,2,0,0,0
700,77,3,2,0,0,3,0,0,0,0
700,78,3,3,1,0,0,2,0,0,0
700,79,3,4,17,2,0,3,0,0,0
700,80,3,5,0,0,2,4,0,0,0
700,81,3,6,6,0,1,1,0,0,0
700,82,3,7,1,0,0,2,0,0,0
700,83,3,8,0,0,3,5,0,0,0
700,84,3,9,1,0,0,2,0,0,0
700,85,3,10,0,0,2,1,0,0,0
700,86,3,11,0,8,0,1,0,0,0
700,87,3,12,0,1,2,1,0,0,0
700,88,3,13,6,0,0,0,0,0,0
700,89,3,14,0,0,1,2,0,0,0
700,90,3,15,0,0,1,3,0,0,0
700,91,3,16,0,0,2,0,0,0,0
700,92,3,17,0,0,1,1,0,0,0
700,93,3,18,23,0,3,1,0,0,0
700,94,3,19,24,0,0,2,0,0,0
700,95,3,20,0,0,2,1,0,0,0
700,96,3,21,0,0,3,1,0,0,0
700,97,3,22,1,8,1,0,0,0,0
700,98,3,23,3,0,1,1,0,0,0
700,99,3,24,0,0,1,2,0,0,0
700,100,4,0,0,0,1,1,0,0,0
700,101,4,1,0,0,1,0,0,0,0
700,102,4,2,1,0,1,2,0,0,0
700,103,4,3,0,0,3,2,0,0,0
700,104,4,4,0,0,1,1,0,0,0
700,105,4,5,1,5,1,2,0,0,0
700,106,4,6,0,0,0,0,0,0,0
700,107,4,7,0,0,0,5,0,0,0
700,108,4,8,0,10,0,1,0,0,0
700,109,4,9,0,0,0,1,0,0,0
700,110,4,10,15,0,0,2,0,0,0
700,111,4,11,0,0,2,0,0,0,0
700,112,4,12,6,7,2,1,0,0,0
700,113,4,13,0,0,0,1,0,0,0
700,114,4,14,0,0,0,1,0,0,0
700,115,4,15,0,0,3,1,0,0,0
700,116,4,16,0,0,0,1,0,0,0
700,117,4,17,0,0,1,0,0,0,0
700,118,4,18,0,7,0,1,0,0,0
700,119,4,19,0,0,1,2,0,0,0
700,120,4,20,1,0,1,1,0,0,0
700,121,4,21,8,19,1,1,0,0,0
700,122,4,22,4,0,1,0,0,0,0
700,123,4,23,0,0,0,2,0,0,0
700,124,4,24,1,11,2,2,0,0,0
700,125,5,0,0,0,0,1,0,0,0
700,126,5,1,0,0,1,1,0,0,0
700,127,5,2,17,1,1,1,0,0,0
700,128,5,3,0,10,1,1,0,0,0
700,129,5,4,1,0,1,1,0,0,0
700,130,5,5,7,0,0,0,0,0,0
700,131,5,6,0,0,2,2,0,0,0
700,132,5,7,0,0,1,2,0,0,0
700,133,5,8,0,0,1,0,0,0,0
700,134,5,9,0,0,3,1,0,0,0
700,135,5,10,0,0,1,2,0,0,0
700,136,5,11,0,0,1,1,0,0,0
700,137,5,12,8,0,2,1,0,0,0
700,138,5,13,0,0,2,1,0,0,0
700,139,5,14,0,0,2,4,0,0,0
700,140,5,15,0,0,1,2,0,0,0
700,141,5,16,8,19,2,0,0,0,0
700,142,5,17,7,0,3,0,0,0,0
700,143,5,18,0,0,3,1,0,0,0
700,144,5,19,0,0,0,0,0,0,0
700,145,5,20,26,19,2,0,0,0,0
700,146,5,21,25,0,0,0,0,0,0
700,147,5,22,0,1,0,0,0,0,0
700,148,5,23,0,0,2,0,0,0,0
700,149,5,24,0,21,0,1,0,0,0
700,150,6,0,0,0,3,3,0,0,0
700,151,6,1,0,0,0,0,0,0,0
700,152,6,2,0,0,2,2,0,0,0
700,153,6,3,0,1,3,0,0,0,0
700,154,6,4,0,2,1,0,0,0,0
700,155,6,5,27,0,0,1,0,0,0
700,156,6,6,0,1,2,1,0,0,0
700,157,6,7,4,0,1,3,0,0,0
700,158,6,8,0,7,0,0,0,0,0
700,159,6,9,0,0,2,1,0,0,0
700,160,6,10,0,0,0,1,0,0,0
700,161,6,11,10,0,0,2,0,0,0
700,162,6,12,0,0,0,1,0,0,0
700,163,6,13,0,1,0,0,0,0,0
700,164,6,14,0,2,5,0,0,0,0
700,165,6,15,0,0,1,1,0,0,0
700,166,6,16,5,0,0,0,0,0,0
700,167,6,17,0,9,1,0,0,0,0
700,168,6,18,0,1,9,1,0,0,0
700,169,6,19,1,0,5,1,0,0,0
700,170,6,20,39,2,0,0,0,0,0
700,171,6,21,9,0,1,0,0,0,0
700,172,6,22,31,22,0,0,0,0,0
700,173,6,23,0,0,0,0,0,0,0
700,174,6,24,1,0,0,1,0,0,0
700,175,7,0,0,0,1,4,0,0,0
700,176,7,1,9,0,0,0,0,0,0
700,177,7,2,0,1,2,2,0,0,0
700,178,7,3,1,8,0,2,0,0,0
700,179,7,4,0,0,2,5,0,0,0
700,180,7,5,0,12,4,0,0,0,0
700,181,7,6,0,2,0,1,0,0,0
700,182,7,7,0,0,2,3,0,0,0
700,183,7,8,5,0,1,1,0,0,0
700,184,7,9,0,0,1,2,0,0,0
700,185,7,10,0,2,2,1,0,0,0
700,186,7,11,2,0,0,2,0,0,0
700,187,7,12,0,0,1,0,0,0,0
700,188,7,13,0,0,1,1,0,0,0
700,189,7,14,18,0,1,3,0,0,0
700,190,7,15,0,0,1,0,0,0,0
700,191,7,16,0,32,1,0,0,0,0
700,192,7,17,0,18,1,3,0,0,0
700,193,7,18,6,0,1,2,0,0,0
700,194,7,19,0,1,0,0,0,0,0
700,195,7,20,0,0,7,2,0,0,0
700,196,7,21,0,4,0,0,0,0,0
700,197,7,22,2,17,1,3,0,0,0
700,198,7,23,18,1,0,2,0,0,0
700,199,7,24,1,0,2,5,0,0,0
700,200,8,0,0,0,1,3,0,0,0
700,201,8,1,13,0,0,3,0,0,0
700,202,8,2,0,1,2,1,0,0,0
700,203,8,3,1,0,2,1,0,0,0
700,204,8,4,4,11,2,1,0,0,0
700,205,8,5,1,0,2,3,0,0,0
700,206,8,6,0,0,0,3,0,0,0
700,207,8,7,0,0,1,1,0,0,0
700,208,8,8,0,13,1,2,0,0,0
700,209,8,9,0,0,2,0,0,0,0
700,210,8,10,20,0,0,1,0,0,0
700,211,8,11,0,0,4,0,0,0,0
700,212,8,12,0,27,2,2,0,0,0
700,213,8,13,0,0,2,3,0,0,0
700,214,8,14,0,0,1,0,0,0,0
700,215,8,15,0,0,2,4,0,0,0
700,216,8,16,0,9,2,3,0,0,0
700,217,8,17,15,13,4,1,0,0,0
700,218,8,18,0,23,2,1,0,0,0
700,219,8,19,22,35,3,0,0,0,0
700,220,8,20,0,0,2,3,0,0,0
700,221,8,21,0,37,0,0,0,0,0
700,222,8,22,0,33,0,1,0,0,0
700,223,8,23,1,0,3,0,0,0,0
700,224,8,24,0,0,2,0,0,0,0
700,225,9,0,0,11,5,1,0,0,0
700,226,9,1,0,0,0,2,0,0,0
700,227,9,2,0,5,3,0,0,0,0
700,228,9,3,0,0,2,1,0,0,0
700,229,9,4,7,0,0,0,0,0,0
700,230,9,5,1,0,0,0,0,0,0
700,231,9,6,19,19,0,1,0,0,0
700,232,9,7,1,0,4,3,0,0,0
700,233,9,8,27,22,0,1,0,0,0
700,234,9,9,2,0,0,0,0,0,0
700,235,9,10,0,0,4,0,0,0,0
700,236,9,11,0,0,0,0,0,0,0
700,237,9,12,4,3,1,2,0,0,0
700,238,9,13,1,0,1,0,0,0,0
700,239,9,14,0,0,3,5,0,0,0
700,240,9,15,0,1,0,1,0,0,0
700,241,9,16,0,3,3,3,0,0,0
700,242,9,17,10,10,0,0,0,0,0
700,243,9,18,0,7,4,0,0,0,0
700,244,9,19,12,2,0,0,0,0,0
700,245,9,20,0,22,1,0,0,0,0
700,246,9,21,34,6,3,3,0,0,0
700,247,9,22,4,21,1,2,0,0,0
700,248,9,23,16,0,1,1,0,0,0
700,249,9,24,0,21,0,0,0,0,0
700,250,10,0,0,0,3,0,0,0,0
700,251,10,1,12,0,0,4,0,0,0
700,252,10,2,0,12,2,3,0,0,0
700,253,10,3,2,3,0,0,0,0,0
700,254,10,4,1,0,2,1,0,0,0
700,255,10,5,0,0,1,2,0,0,0
700,256,10,6,7,0,1,3,0,0,0
700,257,10,7,0,17,2,3,0,0,0
700,258,10,8,10,0,0,6,0,0,0
700,259,10,9,1,0,3,2,0,0,0
700,260,10,10,2,7,1,1,0,0,0
700,261,10,11,4,0,1,3,0,0,0
700,262,10,12,12,1,0,1,0,0,0
700,263,10,13,0,3,2,3,0,0,0
700,264,10,14,12,0,1,3,0,0,0
700,265,10,15,0,2,0,2,0,0,0
700,266,10,16,0,0,2,2,0,0,0
700,267,10,17,0,0,5,2,0,0,0
700,268,10,18,21,9,4,0,0,0,0
700,269,10,19,6,17,1,0,0,0,0
700,270,10,20,16,22,0,0,0,0,0
700,271,10,21,9,0,0,1,0,0,0
700,272,10,22,0,0,0,1,0,0,0
700,273,10,23,0,14,1,0,0,0,0
700,274,10,24,1,0,0,3,0,0,0
700,275,11,0,0,0,3,1,0,0,0
700,276,11,1,0,0,4,0,0,0,0
700,277,11,2,18,0,0,1,0,0,0
700,278,11,3,1,0,3,2,0,0,0
700,279,11,4,37,0,0,1,0,0,0
700,280,11,5,8,0,0,1,0,0,0
700,281,11,6,19,0,1,1,0,0,0
700,282,11,7,3,0,0,0,0,0,0
700,283,11,8,2,0,1,0,0,0,0
700,284,11,9,17,0,2,1,0,0,0
700,285,11,10,0,0,3,0,0,0,0
700,286,11,11,0,0,0,2,0,0,0
700,287,11,12,1,0,1,2,0,0,0
700,288,11,13,0,10,2,2,0,0,0
700,289,11,14,12,27,2,0,0,0,0
700,290,11,15,8,12,0,0,0,0,0
700,291,11,16,10,14,0,1,0,0,0
700,292,11,17,0,10,2,0,0,0,0
700,293,11,18,0,13,0,1,0,0,0
700,294,11,19,0,9,1,1,0,0,0
700,295,11,20,6,9,1,0,0,0,0
700,296,11,21,0,2,0,3,0,0,0
700,297,11,22,32,0,0,1,0,0,0
700,298,11,23,0,41,1,2,0,0,0
700,299,11,24,0,26,0,0,0,0,0
700,300,12,0,0,0,2,2,0,0,0
700,301,12,1,0,3,2,2,0,0,0
700,302,12,2,0,5,4,0,0,0,0
700,303,12,3,22,0,3,0,0,0,0
700,304,12,4,0,0,0,1,0,0,0
700,305,12,5,5,1,0,0,0,0,0
700,306,12,6,0,31,0,0,0,0,0
700,307,12,7,0,2,4,3,0,0,0
700,308,12,8,12,0,3,0,0,0,0
700,309,12,9,0,0,4,1,0,0,0
700,310,12,10,4,22,0,0,0,0,0
700,311,12,11,26,42,2,0,0,0,0
700,312,12,12,0,0,0,2,0,0,0
700,313,12,13,0,1,1,2,0,0,0
700,314,12,14,9,0,2,2,0,0,0
700,315,12,15,0,0,1,0,0,0,0
700,316,12,16,0,7,1,2,0,0,0
700,317,12,17,0,5,3,4,0,0,0
700,318,12,18,17,6,2,0,0,0,0
700,319,12,19,31,21,0,0,0,0,0
700,320,12,20,5,17,2,4,0,0,0
700,321,12,21,0,0,0,1,0,0,0
700,322,12,22,13,20,1,2,0,0,0
700,323,12,23,2,5,1,0,0,0,0
700,324,12,24,12,14,0,3,0,0,0
700,325,13,0,0,0,1,1,0,0,0
700,326,13,1,0,0,4,2,0,0,0
700,327,13,2,0,0,2,3,0,0,0
700,328,13,3,0,0,0,2,0,0,0
700,329,13,4,13,1,3,3,0,0,0
700,330,13,5,0,19,0,1,0,0,0
700,331,13,6,0,7,0,1,0,0,0
700,332,13,7,0,5,4,0,0,0,0
700,333,13,8,0,2,0,0,0,0,0
700,334,13,9,16,22,1,0,0,0,0
700,335,13,10,15,0,1,0,0,0,0
700,336,13,11,15,4,1,0,0,0,0
700,337,13,12,0,2,1,3,0,0,0
700,338,13,13,0,0,0,3,0,0,0
700,339,13,14,5,2,0,0,0,0,0
700,340,13,15,0,0,0,1,0,0,0
700,341,13,16,0,0,1,1,0,0,0
700,342,13,17,15,4,1,1,0,0,0
700,343,13,18,4,0,0,1,0,0,0
700,344,13,19,4,22,2,0,0,0,0
700,345,13,20,0,26,1,1,0,0,0
700,346,13,21,4,25,1,0,0,0,0
700,347,13,22,23,17,0,2,0,0,0
700,348,13,23,13,0,0,2,0,0,0
700,349,13,24,7,0,1,1,0,0,0
700,350,14,0,0,0,0,1,0,0,0
700,351,14,1,1,0,1,1,0,0,0
700,352,14,2,5,0,2,2,0,0,0
700,353,14,3,1,4,1,1,0,0,0
700,354,14,4,6,0,3,1,0,0,0
700,355,14,5,10,0,0,0,0,0,0
700,356,14,6,1,4,0,1,0,0,0
700,357,14,7,0,0,0,4,0,0,0
700,358,14,8,0,36,3,0,0,0,0
700,359,14,9,1,1,0,6,0,0,0
700,360,14,10,0,1,2,1,0,0,0
700,361,14,11,0,0,1,3,0,0,0
700,362,14,12,1,0,1,2,0,0,0
700,363,14,13,32,0,1,4,0,0,0
700,364,14,14,8,19,2,1,0,0,0
700,365,14,15,12,18,1,0,0,0,0
700,366,14,16,21,0,2,0,0,0,0
700,367,14,17,16,42,0,0,0,0,0
700,368,14,18,0,20,4,0,0,0,0
700,369,14,19,17,0,2,1,0,0,0
700,370,14,20,23,2,0,2,0,0,0
700,371,14,21,24,0,0,2,0,0,0
700,372,14,22,36,39,1,0,0,0,0
700,373,14,23,6,10,0,2,0,0,0
700,374,14,24,1,5,1,0,0,0,0
700,375,15,0,0,0,3,1,0,0,0
700,376,15,1,0,2,3,4,0,0,0
700,377,15,2,26,12,0,1,0,0,0
700,378,15,3,4,3,2,3,0,0,0
700,379,15,4,1,13,0,0,0,0,0
700,380,15,5,0,0,0,0,0,0,0
700,381,15,6,6,25,1,1,0,0,0
700,382,15,7,27,20,0,1,0,0,0
700,383,15,8,4,0,0,0,0,0,0
700,384,15,9,3,1,2,3,0,0,0
700,385,15,10,0,38,5,0,0,0,0
700,386,15,11,0,19,1,3,0,0,0
700,387,15,12,0,12,2,0,0,0,0
700,388,15,13,0,5,1,3,0,0,0
700,389,15,14,0,17,0,1,0,0,0
700,390,15,15,0,4,1,0,0,0,0
700,391,15,16,0,0,4,0,0,0,0
700,392,15,17,0,27,3,1,0,0,0
700,393,15,18,0,3,0,1,0,0,0
700,394,15,19,18,0,0,2,0,0,0
700,395,15,20,24,0,0,1,0,0,0
700,396,15,21,2,0,0,0,0,0,0
700,397,15,22,14,39,1,1,0,0,0
700,398,15,23,0,2,2,1,0,0,0
700,399,15,24,2,12,2,1,0,0,0
700,400,16,0,0,0,2,2,0,0,0
700,401,16,1,22,0,1,5,0,0,0
700,402,16,2,3,0,2,3,0,0,0
700,403,16,3,0,25,3,0,0,0,0
700,404,16,4,50,0,0,4,0,0,0
700,405,16,5,0,9,0,0,0,0,0
700,406,16,6,3,0,2,0,0,0,0
700,407,16,7,0,13,1,3,0,0,0
700,408,16,8,18,21,1,0,0,0,0
700,409,16,9,0,5,3,1,0,0,0
700,410,16,10,22,19,1,0,0,0,0
700,411,16,11,0,29,1,1,0,0,0
700,412,16,12,0,0,2,0,0,0,0
700,413,16,13,0,2,4,1,0,0,0
700,414,16,14,18,3,2,2,0,0,0
700,415,16,15,0,0,0,0,0,0,0
700,416,16,16,18,18,2,0,0,0,0
700,417,16,17,2,10,0,1,0,0,0
700,418,16,18,0,12,0,2,0,0,0
700,419,16,19,19,14,1,1,0,0,0
700,420,16,20,0,28,0,0,0,0,0
700,421,16,21,0,25,0,2,0,0,0
700,422,16,22,20,4,1,0,0,0,0
700,423,16,23,18,0,2,1,0,0,0
700,424,16,24,27,0,0,4,0,0,0
700,425,17,0,0,0,0,1,0,0,0
700,426,17,1,15,16,0,1,0,0,0
700,427,17,2,2,0,0,2,0,0,0
700,428,17,3,18,3,0,1,0,0,0
700,429,17,4,0,1,3,1,0,0,0
700,430,17,5,1,0,2,2,0,0,0
700,431,17,6,9,0,0,0,0,0,0
700,432,17,7,1,2,0,1,0,0,0
700,433,17,8,0,0,0,1,0,0,0
700,434,17,9,8,0,4,0,0,0,0
700,435,17,10,12,0,1,0,0,0,0
700,436,17,11,0,2,2,1,0,0,0
700,437,17,12,4,0,1,1,0,0,0
700,438,17,13,1,19,0,1,0,0,0
700,439,17,14,14,27,0,0,0,0,0
700,440,17,15,0,2,2,0,0,0,0
700,441,17,16,6,11,3,0,0,0,0
700,442,17,17,14,0,1,1,0,0,0
700,443,17,18,5,0,1,0,0,0,0
700,444,17,19,11,0,0,0,0,0,0
700,445,17,20,0,24,0,2,0,0,0
700,446,17,21,17,17,4,1,0,0,0
700,447,17,22,11,14,1,0,0,0,0
700,448,17,23,0,10,2,3,0,0,0
700,449,17,24,8,1,0,0,0,0,0
700,450,18,0,0,0,2,0,0,0,0
700,451,18,1,0,9,0,1,0,0,0
700,452,18,2,2,16,0,2,0,0,0
700,453,18,3,7,0,1,0,0,0,0
700,454,18,4,4,0,0,3,0,0,0
700,455,18,5,11,0,1,1,0,0,0
700,456,18,6,6,0,0,2,0,0,0
700,457,18,7,7,0,0,1,0,0,0
700,458,18,8,1,28,1,1,0,0,0
700,459,18,9,5,0,0,0,0,0,0
700,460,18,10,8,30,0,2,0,0,0
700,461,18,11,0,1,1,3,0,0,0
700,462,18,12,0,17,2,1,0,0,0
700,463,18,13,9,19,1,0,0,0,0
700,464,18,14,1,1,0,3,0,0,0
700,465,18,15,1,0,0,0,0,0,0
700,466,18,16,0,2,1,1,0,0,0
700,467,18,17,20,0,1,1,0,0,0
700,468,18,18,0,20,2,2,0,0,0
700,469,18,19,29,17,0,0,0,0,0
700,470,18,20,14,0,2,0,0,0,0
700,471,18,21,4,11,2,0,0,0,0
700,472,18,22,30,0,0,1,0,0,0
700,473,18,23,0,0,1,0,0,0,0
700,474,18,24,0,20,0,0,0,0,0
700,475,19,0,0,0,4,0,0,0,0
700,476,19,1,27,16,0,0,0,0,0
700,477,19,2,11,0,1,2,0,0,0
700,478,19,3,0,0,0,1,0,0,0
700,479,19,4,27,11,3,1,0,0,0
700,480,19,5,13,0,1,0,0,0,0
700,481,19,6,0,0,0,2,0,0,0
700,482,19,7,0,0,1,0,0,0,0
700,483,19,8,5,0,0,2,0,0,0
700,484,19,9,2,4,1,4,0,0,0
700,485,19,10,24,0,0,1,0,0,0
700,486,19,11,21,15,0,2,0,0,0
700,487,19,12,20,1,0,1,0,0,0
700,488,19,13,16,0,1,1,0,0,0
700,489,19,14,42,0,0,2,0,0,0
700,490,19,15,1,0,1,1,0,0,0
700,491,19,16,12,15,0,0,0,0,0
700,492,19,17,10,0,0,0,0,0,0
700,493,19,18,5,10,0,0,0,0,0
700,494,19,19,0,1,0,0,0,0,0
700,495,19,20,23,3,0,1,0,0,0
700,496,19,21,12,0,1,1,0,0,0
700,497,19,22,19,29,0,0,0,0,0
700,498,19,23,36,12,0,0,0,0,0
700,499,19,24,9,3,2,0,0,0,0
700,500,20,0,0,0,1,1,0,0,0
700,501,20,1,0,1,1,0,0,0,0
700,502,20,2,1,0,3,1,0,0,0
700,503,20,3,37,0,0,1,0,0,0
700,504,20,4,0,0,0,1,0,0,0
700,505,20,5,0,0,1,0,0,0,0
700,506,20,6,3,4,1,0,0,0,0
700,507,20,7,8,0,0,0,0,0,0
700,508,20,8,23,17,0,1,0,0,0
700,509,20,9,2,0,4,1,0,0,0
700,510,20,10,6,28,1,3,0,0,0
700,511,20,11,0,34,1,0,0,0,0
700,512,20,12,2,0,2,0,0,0,0
700,513,20,13,8,0,2,2,0,0,0
700,514,20,14,0,24,2,1,0,0,0
700,515,20,15,1,28,0,0,0,0,0
700,516,20,16,0,15,0,1,0,0,0
700,517,20,17,1,2,0,3,0,0,0
700,518,20,18,16,19,1,1,0,0,0
700,519,20,19,4,6,0,0,0,0,0
700,520,20,20,12,0,1,1,0,0,0
700,521,20,21,0,1,1,0,0,0,0
700,522,20,22,31,1,0,4,0,0,0
700,523,20,23,2,5,1,0,0,0,0
700,524,20,24,0,0,2,2,0,0,0
700,525,21,0,0,0,4,0,0,0,0
700,526,21,1,21,0,2,0,0,0,0
700,527,21,2,23,0,1,0,0,0,0
700,528,21,3,1,3,0,0,0,0,0
700,529,21,4,14,15,0,0,0,0,0
700,530,21,5,0,5,1,0,0,0,0
700,531,21,6,4,17,3,1,0,0,0
700,532,21,7,0,3,0,1,0,0,0
700,533,21,8,0,14,3,1,0,0,0
700,534,21,9,21,2,0,0,0,0,0
700,535,21,10,0,37,0,0,0,0,0
700,536,21,11,7,0,2,2,0,0,0
700,537,21,12,0,3,0,2,0,0,0
700,538,21,13,0,20,2,0,0,0,0
700,539,21,14,3,5,0,0,0,0,0
700,540,21,15,0,1,1,1,0,0,0
700,541,21,16,0,6,2,2,0,0,0
700,542,21,17,3,0,0,2,0,0,0
700,543,21,18,24,22,0,0,0,0,0
700,544,21,19,7,0,0,2,0,0,0
700,545,21,20,32,11,2,0,0,0,0
700,546,21,21,31,16,1,1,0,0,0
700,547,21,22,16,26,0,0,0,0,0
700,548,21,23,3,1,0,0,0,0,0
700,549,21,24,1,20,2,0,0,0,0
700,550,22,0,0,0,2,1,0,0,0
700,551,22,1,0,2,1,0,0,0,0
700,552,22,2,19,17,2,0,0,0,0
700,553,22,3,11,7,1,0,0,0,0
700,554,22,4,32,10,0,0,0,0,0
700,555,22,5,22,0,1,3,0,0,0
700,556,22,6,0,4,0,0,0,0,0
700,557,22,7,27,19,0,0,0,0,0
700,558,22,8,16,12,1,0,0,0,0
700,559,22,9,0,0,3,1,0,0,0
700,560,22,10,0,0,0,1,0,0,0
700,561,22,11,5,0,0,0,0,0,0
700,562,22,12,0,1,1,0,0,0,0
700,563,22,13,13,3,0,0,0,0,0
700,564,22,14,0,24,3,0,0,0,0
700,565,22,15,18,4,0,1,0,0,0
700,566,22,16,15,6,0,1,0,0,0
700,567,22,17,0,14,2,1,0,0,0
700,568,22,18,0,0,0,2,0,0,0
700,569,22,19,40,0,1,2,0,0,0
700,570,22,20,11,33,0,1,0,0,0
700,571,22,21,20,12,0,0,0,0,0
700,572,22,22,16,13,0,3,0,0,0
700,573,22,23,0,16,0,1,0,0,0
700,574,22,24,2,17,1,1,0,0,0
700,575,23,0,0,0,3,2,0,0,0
700,576,23,1,17,0,1,3,0,0,0
700,577,23,2,14,7,0,1,0,0,0
700,578,23,3,33,3,0,0,0,0,0
700,579,23,4,8,0,2,0,0,0,0
700,580,23,5,8,1,2,1,0,0,0
700,581,23,6,12,3,0,2,0,0,0
700,582,23,7,1,8,1,1,0,0,0
700,583,23,8,0,7,1,0,0,0,0
700,584,23,9,0,20,0,1,0,0,0
700,585,23,10,19,0,2,0,0,0,0
700,586,23,11,35,3,1,1,0,0,0
700,587,23,12,2,2,0,0,0,0,0
700,588,23,13,0,0,1,1,0,0,0
700,589,23,14,0,25,0,2,0,0,0
700,590,23,15,0,0,0,1,0,0,0
700,591,23,16,0,12,4,0,0,0,0
700,592,23,17,15,19,0,1,0,0,0
700,593,23,18,0,12,0,1,0,0,0
700,594,23,19,8,0,2,0,0,0,0
700,595,23,20,2,1,0,3,0,0,0
700,596,23,21,34,34,0,0,0,0,0
700,597,23,22,33,9,2,1,0,0,0
700,598,23,23,40,20,0,2,0,0,0
700,599,23,24,2,14,0,0,0,0,0
700,600,24,0,0,8,1,1,0,0,0
700,601,24,1,23,0,0,3,0,0,0
700,602,24,2,14,1,1,2,0,0,0
700,603,24,3,8,0,2,2,0,0,0
700,604,24,4,1,0,0,0,0,0,0
700,605,24,5,30,16,1,4,0,0,0
700,606,24,6,19,0,0,5,0,0,0
700,607,24,7,1,0,2,1,0,0,0
700,608,24,8,21,0,0,1,0,0,0
700,609,24,9,10,23,0,3,0,0,0
700,610,24,10,10,11,2,0,0,0,0
700,611,24,11,0,1,0,1,0,0,0
700,612,24,12,0,28,1,2,0,0,0
700,613,24,13,1,25,2,0,0,0,0
700,614,24,14,0,0,2,2,0,0,0
700,615,24,15,21,12,0,1,0,0,0
700,616,24,16,0,8,1,4,0,0,0
700,617,24,17,7,27,1,2,0,0,0
700,618,24,18,2,33,1,0,0,0,0
700,619,24,19,0,0,7,2,0,0,0
700,620,24,20,1,13,0,0,0,0,0
700,621,24,21,12,17,1,1,0,0,0
700,622,24,22,0,30,2,0,0,0,0
700,623,24,23,0,6,1,2,0,0,0
700,624,24,24,13,14,0,0,0,0,0
800,0,0,0,0,0,4,5,0,0,0
800,1,0,1,1,0,1,3,0,0,0
800,2,0,2,0,0,0,3,0,0,0
800,3,0,3,0,0,3,2,0,0,0
800,4,0,4,0,0,3,1,0,0,0
800,5,0,5,11,0,2,4,0,0,0
800,6,0,6,0,0,3,1,0,0,0
800,7,0,7,2,0,0,1,0,0,0
800,8,0,8,0,0,3,4,0,0,0
800,9,0,9,0,0,1,2,0,0,0
800,10,0,10,0,0,1,4,0,0,0
800,11,0,11,0,0,4,5,0,0,0
800,12,0,12,0,0,1,2,0,0,0
800,13,0,13,0,0,3,3,0,0,0
800,14,0,14,0,0,2,1,0,0,0
800,15,0,15,0,0,1,3,0,0,0
800,16,0,16,0,4,0,3,0,0,0
800,17,0,17,0,0,1,2,0,0,0
800,18,0,18,0,0,0,3,0,0,0
800,19,0,19,0,0,0,0,0,0,0
800,20,0,20,3,0,0,0,0,0,0
800,21,0,21,0,14,0,1,0,0,0
800,22,0,22,0,0,2,2,0,0,0
800,23,0,23,0,0,1,1,0,0,0
800,24,0,24,0,0,4,0,0,0,0
800,25,1,0,0,0,2,2,0,0,0
800,26,1,1,17,0,2,1,0,0,0
800,27,1,2,0,0,2,2,0,0,0
800,28,1,3,0,0,0,1,0,0,0
800,29,1,4,0,0,1,1,0,0,0
800,30,1,5,1,11,3,1,0,0,0
800,31,1,6,0,0,1,2,0,0,0
800,32,1,7,0,2,1,2,0,0,0
800,33,1,8,7,17,2,1,0,0,0
800,34,1,9,0,0,3,2,0,0,0
800,35,1,10,0,0,1,1,0,0,0
800,36,1,11,0,0,1,2,0,0,0
800,37,1,12,0,21,2,1,0,0,0
800,38,1,13,1,0,0,1,0,0,0
800,39,1,14,0,1,0,1,0,0,0
800,40,1,15,0,0,0,1,0,0,0
800,41,1,16,0,6,2,1,0,0,0
800,42,1,17,0,2,2,2,0,0,0
800,43,1,18,0,10,2,0,0,0,0
800,44,1,19,0,1,1,2,0,0,0
800,45,1,20,0,27,2,1,0,0,0
800,46,1,21,1,26,1,0,0,0,0
800,47,1,22,5,7,2,2,0,0,0
800,48,1,23,0,20,0,0,0,0,0
800,49,1,24,4,28,1,1,0,0,0
800,50,2,0,0,0,2,2,0,0,0
800,51,2,1,0,6,0,0,0,0,0
800,52,2,2,0,0,2,1,0,0,0
800,53,2,3,13,0,0,2,0,0,0
800,54,2,4,0,0,3,4,0,0,0
800,55,2,5,0,0,5,1,0,0,0
800,56,2,6,0,0,0,1,0,0,0
800,57,2,7,0,0,0,1,0,0,0
800,58,2,8,1,5,2,1,0,0,0
800,59,2,9,1,0,0,3,0,0,0
800,60,2,10,0,0,1,0,0,0,0
800,61,2,11,0,0,1,3,0,0,0
800,62,2,12,0,0,1,0,0,0,0
800,63,2,13,0,13,1,0,0,0,0
800,64,2,14,0,2,3,0,0,0,0
800,65,2,15,1,0,1,1,0,0,0
800,66,2,16,0,0,0,0,0,0,0
800,67,2,17,0,17,1,3,0,0,0
800,68,2,18,0,1,1,0,0,0,0
800,69,2,19,6,9,3,0,0,0,0
800,70,2,20,2,0,3,1,0,0,0
800,71,2,21,0,11,0,2,0,0,0
800,72,2,22,0,37,1,2,0,0,0
800,73,2,23,0,6,0,1,0,0,0
800,74,2,24,0,22,3,0,0,0,0
800,75,3,0,0,0,5,0,0,0,0
800,76,3,1,0,0,3,3,0,0,0
800,77,3,2,34,13,0,0,0,0,0
800,78,3,3,0,0,0,0,0,0,0
800,79,3,4,1,0,0,0,0,0,0
800,80,3,5,0,0,3,2,0,0,0
800,81,3,6,3,0,4,1,0,0,0
800,82,3,7,0,0,1,2,0,0,0
800,83,3,8,0,0,3,0,0,0,0
800,84,3,9,0,0,2,2,0,0,0
800,85,3,10,0,0,0,0,0,0,0
800,86,3,11,0,0,1,1,0,0,0
800,87,3,12,0,0,2,0,0,0,0
800,88,3,13,0,20,2,0,0,0,0
800,89,3,14,0,0,1,0,0,0,0
800,90,3,15,2,0,0,1,0,0,0
800,91,3,16,0,0,2,3,0,0,0
800,92,3,17,0,0,0,2,0,0,0
800,93,3,18,0,1,0,0,0,0,0
800,94,3,19,0,0,0,3,0,0,0
800,95,3,20,0,0,2,2,0,0,0
800,96,3,21,0,9,3,2,0,0,0
800,97,3,22,0,21,0,0,0,0,0
800,98,3,23,0,20,0,1,0,0,0
800,99,3,24,0,7,1,1,0,0,0
800,100,4,0,0,0,1,1,0,0,0
800,101,4,1,0,0,2,0,0,0,0
800,102,4,2,0,0,1,2,0,0,0
800,103,4,3,0,0,0,1,0,0,0
800,104,4,4,0,1,0,0,0,0,0
800,105,4,5,1,11,1,4,0,0,0
800,106,4,6,12,4,0,2,0,0,0
800,107,4,7,8,4,3,0,0,0,0
800,108,4,8,0,14,1,1,0,0,0
800,109,4,9,0,8,0,1,0,0,0
800,110,4,10,0,0,5,1,0,0,0
800,111,4,11,1,0,3,1,0,0,0
800,112,4,12,0,0,0,0,0,0,0
800,113,4,13,0,2,4,0,0,0,0
800,114,4,14,0,0,2,1,0,0,0
800,115,4,15,10,0,0,3,0,0,0
800,116,4,16,0,0,1,0,0,0,0
800,117,4,17,0,0,2,2,0,0,0
800,118,4,18,37,0,0,5,0,0,0
800,119,4,19,16,26,3,1,0,0,0
800,120,4,20,0,1,1,1,0,0,0
800,121,4,21,2,0,0,2,0,0,0
800,122,4,22,3,0,1,0,0,0,0
800,123,4,23,0,3,2,2,0,0,0
800,124,4,24,14,0,3,2,0,0,0
800,125,5,0,0,0,3,3,0,0,0
800,126,5,1,0,25,1,1,0,0,0
800,127,5,2,0,0,2,1,0,0,0
800,128,5,3,0,1,2,0,0,0,0
800,129,5,4,0,0,1,2,0,0,0
800,130,5,5,1,0,0,1,0,0,0
800,131,5,6,0,0,1,2,0,0,0
800,132,5,7,0,1,2,5,0,0,0
800,133,5,8,7,0,2,3,0,0,0
800,134,5,9,3,0,1,1,0,0,0
800,135,5,10,0,1,0,0,0,0,0
800,136,5,11,0,0,2,3,0,0,0
800,137,5,12,11,0,2,1,0,0,0
800,138,5,13,0,0,3,3,0,0,0
800,139,5,14,2,3,0,3,0,0,0
800,140,5,15,3,0,1,1,0,0,0
800,141,5,16,27,0,1,0,0,0,0
800,142,5,17,0,0,1,2,0,0,0
800,143,5,18,18,0,0,1,0,0,0
800,144,5,19,0,1,1,0,0,0,0
800,145,5,20,0,1,0,1,0,0,0
800,146,5,21,0,11,2,1,0,0,0
800,147,5,22,8,0,1,0,0,0,0
800,148,5,23,0,2,0,1,0,0,0
800,149,5,24,0,9,1,4,0,0,0
800,150,6,0,0,0,1,1,0,0,0
800,151,6,1,0,5,3,0,0,0,0
800,152,6,2,0,0,1,0,0,0,0
800,153,6,3,0,21,0,0,0,0,0
800,154,6,4,1,8,2,2,0,0,0
800,155,6,5,0,0,1,1,0,0,0
800,156,6,6,42,0,0,1,0,0,0
800,157,6,7,4,17,3,0,0,0,0
800,158,6,8,0,0,2,1,0,0,0
800,159,6,9,0,0,1,1,0,0,0
800,160,6,10,0,1,4,3,0,0,0
800,161,6,11,0,3,3,4,0,0,0
800,162,6,12,0,2,2,1,0,0,0
800,163,6,13,3,0,1,2,0,0,0
800,164,6,14,13,0,0,0,0,0,0
800,165,6,15,0,0,1,3,0,0,0
800,166,6,16,1,0,3,1,0,0,0
800,167,6,17,0,1,0,1,0,0,0
800,168,6,18,7,17,3,0,0,0,0
800,169,6,19,1,21,3,0,0,0,0
800,170,6,20,4,0,1,3,0,0,0
800,171,6,21,0,0,2,2,0,0,0
800,172,6,22,0,21,2,0,0,0,0
800,173,6,23,0,5,5,0,0,0,0
800,174,6,24,0,0,1,0,0,0,0
800,175,7,0,0,1,4,4,0,0,0
800,176,7,1,0,0,2,2,0,0,0
800,177,7,2,0,0,1,1,0,0,0
800,178,7,3,1,7,3,0,0,0,0
800,179,7,4,0,0,1,0,0,0,0
800,180,7,5,3,0,2,1,0,0,0
800,181,7,6,0,0,2,1,0,0,0
800,182,7,7,0,0,1,3,0,0,0
800,183,7,8,0,0,2,2,0,0,0
800,184,7,9,0,0,3,2,0,0,0
800,185,7,10,23,1,0,0,0,0,0
800,186,7,11,0,0,0,1,0,0,0
800,187,7,12,0,14,3,0,0,0,0
800,188,7,13,0,0,2,0,0,0,0
800,189,7,14,0,12,1,0,0,0,0
800,190,7,15,0,0,0,0,0,0,0
800,191,7,16,0,0,0,1,0,0,0
800,192,7,17,4,0,0,2,0,0,0
800,193,7,18,8,0,0,3,0,0,0
800,194,7,19,2,8,2,0,0,0,0
800,195,7,20,0,0,2,2,0,0,0
800,196,7,21,2,0,1,0,0,0,0
800,197,7,22,27,0,0,3,0,0,0
800,198,7,23,2,3,2,1,0,0,0
800,199,7,24,1,0,0,2,0,0,0
800,200,8,0,0,0,6,2,0,0,0
800,201,8,1,0,7,0,0,0,0,0
800,202,8,2,0,0,0,2,0,0,0
800,203,8,3,0,0,2,2,0,0,0
800,204,8,4,0,0,2,0,0,0,0
800,205,8,5,10,1,2,2,0,0,0
800,206,8,6,17,0,0,0,0,0,0
800,207,8,7,0,3,2,1,0,0,0
800,208,8,8,0,0,0,1,0,0,0
800,209,8,9,1,0,1,0,0,0,0
800,210,8,10,0,8,0,1,0,0,0
800,211,8,11,11,0,0,3,0,0,0
800,212,8,12,1,0,2,3,0,0,0
800,213,8,13,0,1,4,1,0,0,0
800,214,8,14,24,0,0,3,0,0,0
800,215,8,15,0,2,2,0,0,0,0
800,216,8,16,7,1,1,1,0,0,0
800,217,8,17,29,12,0,1,0,0,0
800,218,8,18,0,0,0,1,0,0,0
800,219,8,19,0,0,0,1,0,0,0
800,220,8,20,9,0,3,0,0,0,0
800,221,8,21,4,0,1,0,0,0,0
800,222,8,22,0,0,2,0,0,0,0
800,223,8,23,0,1,2,2,0,0,0
800,224,8,24,0,7,2,2,0,0,0
800,225,9,0,0,0,0,1,0,0,0
800,226,9,1,0,3,2,0,0,0,0
800,227,9,2,17,0,2,4,0,0,0
800,228,9,3,0,0,4,3,0,0,0
800,229,9,4,0,9,0,1,0,0,0
800,230,9,5,0,0,0,0,0,0,0
800,231,9,6,4,4,2,2,0,0,0
800,232,9,7,8,0,1,0,0,0,0
800,233,9,8,6,0,1,2,0,0,0
800,234,9,9,0,1,2,1,0,0,0
800,235,9,10,4,0,1,1,0,0,0
800,236,9,11,0,0,1,1,0,0,0
800,237,9,12,0,0,2,1,0,0,0
800,238,9,13,10,0,0,1,0,0,0
800,239,9,14,8,0,0,5,0,0,0
800,240,9,15,0,0,1,4,0,0,0
800,241,9,16,0,0,1,3,0,0,0
800,242,9,17,0,0,0,0,0,0,0
800,243,9,18,0,0,1,1,0,0,0
800,244,9,19,17,3,1,2,0,0,0
800,245,9,20,24,1,0,1,0,0,0
800,246,9,21,0,0,0,2,0,0,0
800,247,9,22,1,0,1,1,0,0,0
800,248,9,23,4,0,1,0,0,0,0
800,249,9,24,0,10,0,2,0,0,0
800,250,10,0,0,0,0,3,0,0,0
800,251,10,1,0,3,1,2,0,0,0
800,252,10,2,1,2,1,0,0,0,0
800,253,10,3,0,1,1,1,0,0,0
800,254,10,4,3,0,0,0,0,0,0
800,255,10,5,4,0,1,1,0,0,0
800,256,10,6,5,0,2,1,0,0,0
800,257,10,7,13,0,0,0,0,0,0
800,258,10,8,0,0,2,1,0,0,0
800,259,10,9,0,0,2,0,0,0,0
800,260,10,10,0,0,1,0,0,0,0
800,261,10,11,0,0,3,0,0,0,0
800,262,10,12,2,0,0,0,0,0,0
800,263,10,13,0,0,1,0,0,0,0
800,264,10,14,2,1,0,1,0,0,0
800,265,10,15,10,0,0,1,0,0,0
800,266,10,16,7,0,5,2,0,0,0
800,267,10,17,38,12,0,0,0,0,0
800,268,10,18,10,16,1,1,0,0,0
800,269,10,19,33,1,0,0,0,0,0
800,270,10,20,0,12,4,0,0,0,0
800,271,10,21,2,0,0,0,0,0,0
800,272,10,22,5,2,0,1,0,0,0
800,273,10,23,31,16,0,0,0,0,0
800,274,10,24,8,0,0,0,0,0,0
800,275,11,0,0,1,1,5,0,0,0
800,276,11,1,0,3,0,3,0,0,0
800,277,11,2,0,0,1,0,0,0,0
800,278,11,3,14,0,4,1,0,0,0
800,279,11,4,6,0,3,0,0,0,0
800,280,11,5,0,0,0,1,0,0,0
800,281,11,6,8,13,0,0,0,0,0
800,282,11,7,0,2,1,1,0,0,0
800,283,11,8,0,0,3,1,0,0,0
800,284,11,9,1,0,3,4,0,0,0
800,285,11,10,0,1,3,0,0,0,0
800,286,11,11,0,0,3,0,0,0,0
800,287,11,12,0,13,0,0,0,0,0
800,288,11,13,2,0,2,1,0,0,0
800,289,11,14,0,0,1,0,0,0,0
800,290,11,15,11,0,0,2,0,0,0
800,291,11,16,7,3,0,0,0,0,0
800,292,11,17,0,6,1,4,0,0,0
800,293,11,18,1,2,3,0,0,0,0
800,294,11,19,16,9,0,0,0,0,0
800,295,11,20,6,2,1,0,0,0,0
800,296,11,21,3,11,2,0,0,0,0
800,297,11,22,0,26,1,1,0,0,0
800,298,11,23,0,4,1,1,0,0,0
800,299,11,24,0,17,1,1,0,0,0
800,300,12,0,0,0,2,1,0,0,0
800,301,12,1,0,42,2,0,0,0,0
800,302,12,2,0,0,2,3,0,0,0
800,303,12,3,10,1,0,0,0,0,0
800,304,12,4,7,18,2,0,0,0,0
800,305,12,5,3,0,1,1,0,0,0
800,306,12,6,0,0,1,3,0,0,0
800,307,12,7,0,1,1,0,0,0,0
800,308,12,8,26,0,0,0,0,0,0
800,309,12,9,12,0,0,3,0,0,0
800,310,12,10,4,0,0,2,0,0,0
800,311,12,11,2,0,2,2,0,0,0
800,312,12,12,0,0,1,1,0,0,0
800,313,12,13,0,3,0,1,0,0,0
800,314,12,14,0,21,0,0,0,0,0
800,315,12,15,30,0,1,2,0,0,0
800,316,12,16,15,3,0,0,0,0,0
800,317,12,17,6,1,1,2,0,0,0
800,318,12,18,27,2,0,1,0,0,0
800,319,12,19,0,0,1,0,0,0,0
800,320,12,20,2,13,0,0,0,0,0
800,321,12,21,8,1,0,1,0,0,0
800,322,12,22,17,0,0,5,0,0,0
800,323,12,23,0,3,4,0,0,0,0
800,324,12,24,1,21,5,0,0,0,0
800,325,13,0,0,0,0,1,0,0,0
800,326,13,1,0,2,0,1,0,0,0
800,327,13,2,0,0,1,0,0,0,0
800,328,13,3,2,0,0,2,0,0,0
800,329,13,4,0,0,4,4,0,0,0
800,330,13,5,0,0,2,1,0,0,0
800,331,13,6,0,0,1,1,0,0,0
800,332,13,7,4,1,1,0,0,0,0
800,333,13,8,7,24,0,2,0,0,0
800,334,13,9,0,1,0,1,0,0,0
800,335,13,10,1,0,5,1,0,0,0
800,336,13,11,0,0,0,2,0,0,0
800,337,13,12,0,0,1,0,0,0,0
800,338,13,13,0,0,0,1,0,0,0
800,339,13,14,0,20,3,0,0,0,0
800,340,13,15,0,0,1,7,0,0,0
800,341,13,16,2,1,0,1,0,0,0
800,342,13,17,4,36,3,1,0,0,0
800,343,13,18,22,0,1,0,0,0,0
800,344,13,19,11,11,5,0,0,0,0
800,345,13,20,17,0,0,0,0,0,0
800,346,13,21,0,27,0,0,0,0,0
800,347,13,22,2,23,0,0,0,0,0
800,348,13,23,21,1,0,0,0,0,0
800,349,13,24,19,13,0,0,0,0,0
800,350,14,0,0,0,3,4,0,0,0
800,351,14,1,14,0,0,3,0,0,0
800,352,14,2,12,0,1,1,0,0,0
800,353,14,3,1,0,1,2,0,0,0
800,354,14,4,0,1,3,0,0,0,0
800,355,14,5,0,0,2,0,0,0,0
800,356,14,6,8,0,1,1,0,0,0
800,357,14,7,0,0,0,0,0,0,0
800,358,14,8,16,0,1,0,0,0,0
800,359,14,9,0,8,1,3,0,0,0
800,360,14,10,0,0,3,3,0,0,0
800,361,14,11,0,0,2,3,0,0,0
800,362,14,12,0,1,0,2,0,0,0
800,363,14,13,2,0,1,2,0,0,0
800,364,14,14,9,17,0,2,0,0,0
800,365,14,15,2,8,2,3,0,0,0
800,366,14,16,0,28,2,0,0,0,0
800,367,14,17,19,16,1,0,0,0,0
800,368,14,18,29,0,0,3,0,0,0
800,369,14,19,16,1,1,3,0,0,0
800,370,14,20,0,18,2,0,0,0,0
800,371,14,21,10,14,1,0,0,0,0
800,372,14,22,12,17,1,0,0,0,0
800,373,14,23,0,1,2,1,0,0,0
800,374,14,24,0,9,0,2,0,0,0
800,375,15,0,0,0,4,1,0,0,0
800,376,15,1,0,0,0,0,0,0,0
800,377,15,2,0,2,1,0,0,0,0
800,378,15,3,22,0,0,0,0,0,0
800,379,15,4,0,0,3,2,0,0,0
800,380,15,5,3,2,0,1,0,0,0
800,381,15,6,0,0,0,5,0,0,0
800,382,15,7,2,0,2,1,0,0,0
800,383,15,8,0,0,1,1,0,0,0
800,384,15,9,0,0,2,0,0,0,0
800,385,15,10,0,0,1,4,0,0,0
800,386,15,11,2,18,0,3,0,0,0
800,387,15,12,0,6,1,1,0,0,0
800,388,15,13,0,0,1,0,0,0,0
800,389,15,14,6,0,1,2,0,0,0
800,390,15,15,0,0,0,3,0,0,0
800,391,15,16,2,1,1,0,0,0,0
800,392,15,17,40,1,0,2,0,0,0
800,393,15,18,7,2,1,2,0,0,0
800,394,15,19,19,2,1,0,0,0,0
800,395,15,20,25,8,0,0,0,0,0
800,396,15,21,1,5,1,1,0,0,0
800,397,15,22,3,30,0,0,0,0,0
800,398,15,23,5,8,2,1,0,0,0
800,399,15,24,17,0,3,1,0,0,0
800,400,16,0,0,0,3,4,0,0,0
800,401,16,1,0,8,1,1,0,0,0
800,402,16,2,0,18,1,1,0,0,0
800,403,16,3,0,0,3,1,0,0,0
800,404,16,4,0,0,1,1,0,0,0
800,405,16,5,0,0,1,2,0,0,0
800,406,16,6,2,35,0,1,0,0,0
800,407,16,7,0,1,3,0,0,0,0
800,408,16,8,0,12,0,1,0,0,0
800,409,16,9,1,0,0,1,0,0,0
800,410,16,10,8,0,2,2,0,0,0
800,411,16,11,4,0,1,1,0,0,0
800,412,16,12,0,10,2,0,0,0,0
800,413,16,13,3,1,1,0,0,0,0
800,414,16,14,12,3,0,2,0,0,0
800,415,16,15,27,26,1,1,0,0,0
800,416,16,16,0,1,2,1,0,0,0
800,417,16,17,1,0,2,0,0,0,0
800,418,16,18,30,5,0,0,0,0,0
800,419,16,19,23,0,0,2,0,0,0
800,420,16,20,25,4,0,1,0,0,0
800,421,16,21,26,1,0,1,0,0,0
800,422,16,22,4,20,0,3,0,0,0
800,423,16,23,0,0,0,2,0,0,0
800,424,16,24,0,20,0,1,0,0,0
800,425,17,0,0,0,1,2,0,0,0
800,426,17,1,7,1,2,0,0,0,0
800,427,17,2,0,0,3,3,0,0,0
800,428,17,3,0,0,1,2,0,0,0
800,429,17,4,0,1,4,0,0,0,0
800,430,17,5,0,8,1,0,0,0,0
800,431,17,6,0,18,1,0,0,0,0
800,432,17,7,1,2,1,1,0,0,0
800,433,17,8,4,34,2,0,0,0,0
800,434,17,9,0,0,1,1,0,0,0
800,435,17,10,0,0,0,1,0,0,0
800,436,17,11,6,0,0,0,0,0,0
800,437,17,12,15,0,1,0,0,0,0
800,438,17,13,0,0,0,2,0,0,0
800,439,17,14,6,26,0,0,0,0,0
800,440,17,15,0,0,4,0,0,0,0
800,441,17,16,24,10,0,0,0,0,0
800,442,17,17,18,5,0,0,0,0,0
800,443,17,18,0,10,0,0,0,0,0
800,444,17,19,21,21,3,0,0,0,0
800,445,17,20,20,3,0,1,0,0,0
800,446,17,21,13,6,0,2,0,0,0
800,447,17,22,18,2,1,1,0,0,0
800,448,17,23,0,37,1,1,0,0,0
800,449,17,24,4,26,0,0,0,0,0
800,450,18,0,0,0,1,3,0,0,0
800,451,18,1,18,5,0,1,0,0,0
800,452,18,2,2,0,0,4,0,0,0
800,453,18,3,24,12,2,2,0,0,0
800,454,18,4,35,12,0,0,0,0,0
800,455,18,5,4,2,0,0,0,0,0
800,456,18,6,37,1,3,1,0,0,0
800,457,18,7,2,1,0,2,0,0,0
800,458,18,8,1,0,2,0,0,0,0
800,459,18,9,0,0,4,2,0,0,0
800,460,18,10,0,0,0,2,0,0,0
800,461,18,11,0,13,2,1,0,0,0
800,462,18,12,0,1,2,0,0,0,0
800,463,18,13,0,0,1,1,0,0,0
800,464,18,14,2,24,2,2,0,0,0
800,465,18,15,6,0,3,4,0,0,0
800,466,18,16,0,26,1,0,0,0,0
800,467,18,17,14,0,0,2,0,0,0
800,468,18,18,0,17,0,1,0,0,0
800,469,18,19,4,23,0,0,0,0,0
800,470,18,20,33,0,0,1,0,0,0
800,471,18,21,13,0,3,2,0,0,0
800,472,18,22,41,26,0,2,0,0,0
800,473,18,23,29,21,0,0,0,0,0
800,474,18,24,0,11,1,3,0,0,0
800,475,19,0,0,1,1,0,0,0,0
800,476,19,1,0,20,2,3,0,0,0
800,477,19,2,1,0,1,2,0,0,0
800,478,19,3,2,4,3,0,0,0,0
800,479,19,4,0,0,1,6,0,0,0
800,480,19,5,20,2,0,2,0,0,0
800,481,19,6,0,0,0,3,0,0,0
800,482,19,7,0,12,2,0,0,0,0
800,483,19,8,0,0,1,2,0,0,0
800,484,19,9,0,8,0,0,0,0,0
800,485,19,10,0,26,2,2,0,0,0
800,486,19,11,12,0,1,3,0,0,0
800,487,19,12,0,4,1,0,0,0,0
800,488,19,13,0,0,0,1,0,0,0
800,489,19,14,0,1,2,2,0,0,0
800,490,19,15,1,11,3,0,0,0,0
800,491,19,16,10,6,2,0,0,0,0
800,492,19,17,9,0,0,0,0,0,0
800,493,19,18,1,30,1,1,0,0,0
800,494,19,19,0,5,0,1,0,0,0
800,495,19,20,36,0,1,2,0,0,0
800,496,19,21,26,29,0,1,0,0,0
800,497,19,22,2,22,0,0,0,0,0
800,498,19,23,0,11,6,0,0,0,0
800,499,19,24,10,28,1,2,0,0,0
800,500,20,0,0,0,3,3,0,0,0
800,501,20,1,1,0,0,1,0,0,0
800,502,20,2,0,12,0,0,0,0,0
800,503,20,3,5,15,3,2,0,0,0
800,504,20,4,5,9,0,0,0,0,0
800,505,20,5,0,0,0,2,0,0,0
800,506,20,6,0,0,2,0,0,0,0
800,507,20,7,0,0,0,4,0,0,0
800,508,20,8,1,8,0,2,0,0,0
800,509,20,9,16,2,0,2,0,0,0
800,510,20,10,0,0,2,1,0,0,0
800,511,20,11,5,2,0,2,0,0,0
800,512,20,12,0,0,1,1,0,0,0
800,513,20,13,21,2,1,3,0,0,0
800,514,20,14,25,1,0,0,0,0,0
800,515,20,15,23,0,0,1,0,0,0
800,516,20,16,0,0,0,2,0,0,0
800,517,20,17,22,24,2,1,0,0,0
800,518,20,18,1,19,0,0,0,0,0
800,519,20,19,7,31,4,0,0,0,0
800,520,20,20,26,30,1,0,0,0,0
800,521,20,21,27,0,0,4,0,0,0
800,522,20,22,12,43,0,0,0,0,0
800,523,20,23,9,9,1,1,0,0,0
800,524,20,24,1,29,0,0,0,0,0
800,525,21,0,2,0,2,1,0,0,0
800,526,21,1,2,0,2,4,0,0,0
800,527,21,2,1,11,2,1,0,0,0
800,528,21,3,24,0,0,1,0,0,0
800,529,21,4,0,0,2,0,0,0,0
800,530,21,5,0,0,3,5,0,0,0
800,531,21,6,21,1,3,3,0,0,0
800,532,21,7,0,1,0,0,0,0,0
800,533,21,8,0,0,0,1,0,0,0
800,534,21,9,0,0,1,0,0,0,0
800,535,21,10,2,1,1,0,0,0,0
800,536,21,11,0,7,1,2,0,0,0
800,537,21,12,8,4,3,0,0,0,0
800,538,21,13,12,11,0,0,0,0,0
800,539,21,14,21,4,0,1,0,0,0
800,540,21,15,5,1,4,4,0,0,0
800,541,21,16,5,42,0,0,0,0,0
800,542,21,17,9,29,1,0,0,0,0
800,543,21,18,0,2,0,0,0,0,0
800,544,21,19,20,21,3,0,0,0,0
800,545,21,20,17,16,1,1,0,0,0
800,546,21,21,25,16,1,0,0,0,0
800,547,21,22,23,34,0,0,0,0,0
800,548,21,23,15,16,0,0,0,0,0
800,549,21,24,0,39,0,0,0,0,0
800,550,22,0,0,0,1,3,0,0,0
800,551,22,1,1,22,0,1,0,0,0
800,552,22,2,0,0,3,1,0,0,0
800,553,22,3,0,20,0,1,0,0,0
800,554,22,4,38,6,0,0,0,0,0
800,555,22,5,9,29,1,0,0,0,0
800,556,22,6,1,6,3,1,0,0,0
800,557,22,7,22,29,2,0,0,0,0
800,558,22,8,15,18,0,1,0,0,0
800,559,22,9,4,0,1,2,0,0,0
800,560,22,10,2,17,3,0,0,0,0
800,561,22,11,0,0,0,1,0,0,0
800,562,22,12,34,10,0,1,0,0,0
800,563,22,13,16,0,2,0,0,0,0
800,564,22,14,38,9,3,3,0,0,0
800,565,22,15,1,0,0,2,0,0,0
800,566,22,16,21,0,0,1,0,0,0
800,567,22,17,1,35,2,1,0,0,0
800,568,22,18,18,21,0,0,0,0,0
800,569,22,19,26,24,2,1,0,0,0
800,570,22,20,31,5,1,2,0,0,0
800,571,22,21,17,26,2,0,0,0,0
800,572,22,22,16,24,3,0,0,0,0
800,573,22,23,15,26,1,0,0,0,0
800,574,22,24,1,13,1,1,0,0,0
800,575,23,0,0,0,0,2,0,0,0
800,576,23,1,0,14,0,0,0,0,0
800,577,23,2,6,0,1,1,0,0,0
800,578,23,3,19,0,1,0,0,0,0
800,579,23,4,12,16,3,1,0,0,0
800,580,23,5,29,0,0,0,0,0,0
800,581,23,6,0,10,2,1,0,0,0
800,582,23,7,3,4,1,3,0,0,0
800,583,23,8,0,15,3,0,0,0,0
800,584,23,9,4,3,2,0,0,0,0
800,585,23,10,0,17,2,1,0,0,0
800,586,23,11,2,4,1,1,0,0,0
800,587,23,12,24,1,2,3,0,0,0
800,588,23,13,11,9,1,0,0,0,0
800,589,23,14,28,34,0,0,0,0,0
800,590,23,15,1,27,1,0,0,0,0
800,591,23,16,27,20,1,0,0,0,0
800,592,23,17,14,15,0,1,0,0,0
800,593,23,18,32,0,0,0,0,0,0
800,594,23,19,0,13,3,1,0,0,0
800,595,23,20,13,40,0,0,0,0,0
800,596,23,21,0,27,0,0,0,0,0
800,597,23,22,24,28,2,1,0,0,0
800,598,23,23,5,24,1,0,0,0,0
800,599,23,24,22,12,0,0,0,0,0
800,600,24,0,0,0,4,1,0,0,0
800,601,24,1,11,0,1,1,0,0,0
800,602,24,2,16,0,0,1,0,0,0
800,603,24,3,24,2,0,2,0,0,0
800,604,24,4,4,1,0,0,0,0,0
800,605,24,5,31,6,0,0,0,0,0
800,606,24,6,29,14,0,1,0,0,0
800,607,24,7,6,0,2,1,0,0,0
800,608,24,8,1,0,1,1,0,0,0
800,609,24,9,0,6,2,1,0,0,0
800,610,24,10,12,0,0,3,0,0,0
800,611,24,11,3,0,0,1,0,0,0
800,612,24,12,0,5,1,2,0,0,0
800,613,24,13,12,0,1,2,0,0,0
800,614,24,14,30,0,1,4,0,0,0
800,615,24,15,12,15,3,0,0,0,0
800,616,24,16,3,27,0,1,0,0,0
800,617,24,17,4,14,1,0,0,0,0
800,618,24,18,5,11,0,0,0,0,0
800,619,24,19,14,4,0,0,0,0,0
800,620,24,20,0,21,1,0,0,0,0
800,621,24,21,0,18,0,1,0,0,0
800,622,24,22,27,39,0,1,0,0,0
800,623,24,23,11,6,0,1,0,0,0
800,624,24,24,15,13,0,0,0,0,0
900,0,0,0,0,0,1,3,0,0,0
900,1,0,1,0,0,1,2,0,0,0
900,2,0,2,0,0,0,3,0,0,0
900,3,0,3,0,0,2,1,0,0,0
900,4,0,4,0,0,0,4,0,0,0
900,5,0,5,0,0,0,1,0,0,0
900,6,0,6,0,0,2,2,0,0,0
900,7,0,7,0,0,1,2,0,0,0
900,8,0,8,0,0,1,2,0,0,0
900,9,0,9,0,0,0,2,0,0,0
900,10,0,10,0,0,2,2,0,0,0
900,11,0,11,0,9,2,0,0,0,0
900,12,0,12,0,14,0,0,0,0,0
900,13,0,13,0,0,0,0,0,0,0
900,14,0,14,0,0,1,0,0,0,0
900,15,0,15,0,0,4,0,0,0,0
900,16,0,16,0,0,3,3,0,0,0
900,17,0,17,0,0,1,1,0,0,0
900,18,0,18,0,0,1,1,0,0,0
900,19,0,19,0,0,0,4,0,0,0
900,20,0,20,0,0,0,2,0,0,0
900,21,0,21,0,2,0,0,0,0,0
900,22,0,22,0,0,0,0,0,0,0
900,23,0,23,0,0,2,1,0,0,0
900,24,0,24,0,0,3,1,0,0,0
900,25,1,0,0,0,3,1,0,0,0
900,26,1,1,2,4,3,0,0,0,0
900,27,1,2,0,0,0,1,0,0,0
900,28,1,3,0,0,2,1,0,0,0
900,29,1,4,0,0,1,1,0,0,0
900,30,1,5,0,0,1,2,0,0,0
900,31,1,6,0,0,3,0,0,0,0
900,32,1,7,0,0,0,2,0,0,0
900,33,1,8,0,10,2,0,0,0,0
900,34,1,9,0,0,2,1,0,0,0
900,35,1,10,4,0,0,1,0,0,0
900,36,1,11,0,0,0,0,0,0,0
900,37,1,12,0,3,2,0,0,0,0
900,38,1,13,0,0,0,0,0,0,0
900,39,1,14,0,11,4,0,0,0,0
900,40,1,15,0,20,2,0,0,0,0
900,41,1,16,26,0,0,4,0,0,0
900,42,1,17,0,0,0,5,0,0,0
900,43,1,18,0,21,1,1,0,0,0
900,44,1,19,17,5,0,0,0,0,0
900,45,1,20,0,17,3,0,0,0,0
900,46,1,21,0,20,1,1,0,0,0
900,47,1,22,4,15,2,1,0,0,0
900,48,1,23,13,17,2,1,0,0,0
900,49,1,24,22,0,0,1,0,0,0
900,50,2,0,0,0,0,1,0,0,0
900,51,2,1,0,0,0,0,0,0,0
900,52,2,2,0,0,3,1,0,0,0
900,53,2,3,0,0,2,1,0,0,0
900,54,2,4,2,0,0,0,0,0,0
900,55,2,5,0,0,2,1,0,0,0
900,56,2,6,0,0,1,0,0,0,0
900,57,2,7,0,0,1,3,0,0,0
900,58,2,8,0,4,1,1,0,0,0
900,59,2,9,0,0,1,4,0,0,0
900,60,2,10,0,14,0,1,0,0,0
900,61,2,11,0,0,1,2,0,0,0
900,62,2,12,0,27,1,1,0,0,0
900,63,2,13,27,0,1,2,0,0,0
900,64,2,14,0,0,2,1,0,0,0
900,65,2,15,1,0,1,0,0,0,0
900,66,2,16,0,6,1,1,0,0,0
900,67,2,17,10,0,0,1,0,0,0
900,68,2,18,16,18,0,5,0,0,0
900,69,2,19,1,2,0,0,0,0,0
900,70,2,20,5,0,0,2,0,0,0
900,71,2,21,0,0,0,4,0,0,0
900,72,2,22,3,27,3,0,0,0,0
900,73,2,23,0,5,0,0,0,0,0
900,74,2,24,0,0,2,0,0,0,0
900,75,3,0,0,0,4,1,0,0,0
900,76,3,1,0,0,1,6,0,0,0
900,77,3,2,0,1,0,2,0,0,0
900,78,3,3,0,1,3,2,0,0,0
900,79,3,4,3,0,0,1,0,0,0
900,80,3,5,0,0,0,1,0,0,0
900,81,3,6,0,0,3,2,0,0,0
900,82,3,7,0,0,0,2,0,0,0
900,83,3,8,0,0,3,0,0,0,0
900,84,3,9,0,0,1,0,0,0,0
900,85,3,10,0,3,1,1,0,0,0
900,86,3,11,14,0,1,0,0,0,0
900,87,3,12,0,0,3,1,0,0,0
900,88,3,13,28,0,1,4,0,0,0
900,89,3,14,0,0,0,1,0,0,0
900,90,3,15,0,12,0,0,0,0,0
900,91,3,16,1,0,2,2,0,0,0
900,92,3,17,1,7,1,0,0,0,0
900,93,3,18,25,0,1,3,0,0,0
900,94,3,19,18,0,0,1,0,0,0
900,95,3,20,0,0,1,3,0,0,0
900,96,3,21,0,0,0,1,0,0,0
900,97,3,22,12,8,5,2,0,0,0
900,98,3,23,12,13,0,0,0,0,0
900,99,3,24,6,2,0,1,0,0,0
900,100,4,0,0,0,1,3,0,0,0
900,101,4,1,0,0,2,0,0,0,0
900,102,4,2,0,1,2,1,0,0,0
900,103,4,3,0,0,0,1,0,0,0
900,104,4,4,0,6,2,1,0,0,0
900,105,4,5,0,1,1,1,0,0,0
900,106,4,6,0,0,2,0,0,0,0
900,107,4,7,0,0,0,1,0,0,0
900,108,4,8,0,0,1,1,0,0,0
900,109,4,9,1,6,0,2,0,0,0
900,110,4,10,0,3,3,0,0,0,0
900,111,4,11,0,13,0,2,0,0,0
900,112,4,12,2,0,1,3,0,0,0
900,113,4,13,2,1,1,1,0,0,0
900,114,4,14,0,14,0,2,0,0,0
900,115,4,15,1,9,8,0,0,0,0
900,116,4,16,0,0,4,1,0,0,0
900,117,4,17,0,0,1,3,0,0,0
900,118,4,18,0,0,1,3,0,0,0
900,119,4,19,0,0,2,0,0,0,0
900,120,4,20,0,0,0,1,0,0,0
900,121,4,21,0,6,0,0,0,0,0
900,122,4,22,0,16,1,1,0,0,0
900,123,4,23,7,2,1,0,0,0,0
900,124,4,24,11,1,3,2,0,0,0
900,125,5,0,0,0,0,0,0,0,0
900,126,5,1,0,0,1,1,0,0,0
900,127,5,2,0,0,0,1,0,0,0
900,128,5,3,0,2,2,2,0,0,0
900,129,5,4,0,0,0,3,0,0,0
900,130,5,5,0,0,2,2,0,0,0
900,131,5,6,0,0,1,1,0,0,0
900,132,5,7,0,0,2,2,0,0,0
900,133,5,8,0,0,4,0,0,0,0
900,134,5,9,4,0,0,1,0,0,0
900,135,5,10,0,10,1,1,0,0,0
900,136,5,11,0,0,3,3,0,0,0
900,137,5,12,0,0,4,0,0,0,0
900,138,5,13,0,0,1,0,0,0,0
900,139,5,14,1,0,2,3,0,0,0
900,140,5,15,0,2,3,0,0,0,0
900,141,5,16,7,0,2,0,0,0,0
900,142,5,17,7,0,1,0,0,0,0
900,143,5,18,0,0,3,0,0,0,0
900,144,5,19,28,1,0,2,0,0,0
900,145,5,20,0,0,1,2,0,0,0
900,146,5,21,5,9,0,0,0,0,0
900,147,5,22,6,17,0,2,0,0,0
900,148,5,23,0,4,2,1,0,0,0
900,149,5,24,0,31,0,0,0,0,0
900,150,6,0,0,0,3,0,0,0,0
900,151,6,1,0,1,1,4,0,0,0
900,152,6,2,0,0,2,0,0,0,0
900,153,6,3,0,15,2,1,0,0,0
900,154,6,4,0,0,2,2,0,0,0
900,155,6,5,0,0,0,1,0,0,0
900,156,6,6,0,0,4,2,0,0,0
900,157,6,7,0,2,3,2,0,0,0
900,158,6,8,0,28,0,0,0,0,0
900,159,6,9,0,0,0,2,0,0,0
900,160,6,10,0,4,0,1,0,0,0
900,161,6,11,0,1,1,3,0,0,0
900,162,6,12,1,24,3,0,0,0,0
900,163,6,13,0,0,5,2,0,0,0
900,164,6,14,0,0,1,5,0,0,0
900,165,6,15,0,2,1,4,0,0,0
900,166,6,16,3,3,2,2,0,0,0
900,167,6,17,0,11,5,2,0,0,0
900,168,6,18,0,0,1,2,0,0,0
900,169,6,19,0,0,1,2,0,0,0
900,170,6,20,3,0,0,1,0,0,0
900,171,6,21,0,5,4,1,0,0,0
900,172,6,22,17,9,1,0,0,0,0
900,173,6,23,0,0,2,2,0,0,0
900,174,6,24,0,34,0,0,0,0,0
900,175,7,0,0,0,2,2,0,0,0
900,176,7,1,0,0,1,4,0,0,0
900,177,7,2,0,0,2,1,0,0,0
900,178,7,3,3,0,1,1,0,0,0
900,179,7,4,3,0,1,5,0,0,0
900,180,7,5,0,1,1,0,0,0,0
900,181,7,6,0,0,1,1,0,0,0
900,182,7,7,0,6,3,0,0,0,0
900,183,7,8,11,7,2,1,0,0,0
900,184,7,9,9,33,0,1,0,0,0
900,185,7,10,1,0,2,1,0,0,0
900,186,7,11,4,0,0,0,0,0,0
900,187,7,12,0,0,1,1,0,0,0
900,188,7,13,9,0,0,2,0,0,0
900,189,7,14,0,22,3,0,0,0,0
900,190,7,15,0,0,3,1,0,0,0
900,191,7,16,0,0,1,1,0,0,0
900,192,7,17,0,21,0,0,0,0,0
900,193,7,18,15,24,2,0,0,0,0
900,194,7,19,0,0,4,1,0,0,0
900,195,7,20,0,0,1,1,0,0,0
900,196,7,21,12,1,0,0,0,0,0
900,197,7,22,22,5,1,1,0,0,0
900,198,7,23,9,0,1,2,0,0,0
900,199,7,24,0,0,0,0,0,0,0
900,200,8,0,0,0,1,1,0,0,0
900,201,8,1,0,0,2,0,0,0,0
900,202,8,2,0,2,1,3,0,0,0
900,203,8,3,0,0,0,0,0,0,0
900,204,8,4,0,0,2,0,0,0,0
900,205,8,5,0,0,1,2,0,0,0
900,206,8,6,0,3,1,3,0,0,0
900,207,8,7,1,4,1,0,0,0,0
900,208,8,8,0,2,3,1,0,0,0
900,209,8,9,0,0,3,1,0,0,0
900,210,8,10,0,0,1,1,0,0,0
900,211,8,11,3,3,2,2,0,0,0
900,212,8,12,4,0,1,4,0,0,0
900,213,8,13,0,4,0,0,0,0,0
900,214,8,14,12,0,0,1,0,0,0
900,215,8,15,19,14,1,2,0,0,0
900,216,8,16,0,2,0,0,0,0,0
900,217,8,17,0,0,1,1,0,0,0
900,218,8,18,2,0,0,4,0,0,0
900,219,8,19,10,1,1,0,0,0,0
900,220,8,20,30,0,0,2,0,0,0
900,221,8,21,15,17,1,3,0,0,0
900,222,8,22,23,1,1,0,0,0,0
900,223,8,23,0,0,1,1,0,0,0
900,224,8,24,2,2,1,0,0,0,0
900,225,9,0,0,0,2,3,0,0,0
900,226,9,1,17,0,0,3,0,0,0
900,227,9,2,0,0,0,1,0,0,0
900,228,9,3,0,0,2,3,0,0,0
900,229,9,4,0,0,0,3,0,0,0
900,230,9,5,0,0,1,1,0,0,0
900,231,9,6,2,3,0,0,0,0,0
900,232,9,7,0,0,0,0,0,0,0
900,233,9,8,0,6,0,1,0,0,0
900,234,9,9,0,26,1,0,0,0,0
900,235,9,10,0,6,0,1,0,0,0
900,236,9,11,6,0,2,1,0,0,0
900,237,9,12,0,19,2,1,0,0,0
900,238,9,13,0,0,2,3,0,0,0
900,239,9,14,2,31,4,1,0,0,0
900,240,9,15,0,4,1,0,0,0,0
900,241,9,16,6,0,3,0,0,0,0
900,242,9,17,0,0,1,1,0,0,0
900,243,9,18,21,1,0,0,0,0,0
900,244,9,19,5,3,0,2,0,0,0
900,245,9,20,23,0,1,0,0,0,0
900,246,9,21,1,5,0,0,0,0,0
900,247,9,22,1,0,0,1,0,0,0
900,248,9,23,0,19,1,0,0,0,0
900,249,9,24,34,38,1,2,0,0,0
900,250,10,0,0,3,4,1,0,0,0
900,251,10,1,0,0,0,1,0,0,0
900,252,10,2,0,0,0,1,0,0,0
900,253,10,3,0,1,0,0,0,0,0
900,254,10,4,0,28,3,3,0,0,0
900,255,10,5,2,17,3,0,0,0,0
900,256,10,6,0,0,3,1,0,0,0
900,257,10,7,1,0,2,2,0,0,0
900,258,10,8,0,0,5,2,0,0,0
900,259,10,9,0,0,1,0,0,0,0
900,260,10,10,0,1,1,1,0,0,0
900,261,10,11,0,0,1,0,0,0,0
900,262,10,12,19,30,1,0,0,0,0
900,263,10,13,8,0,1,1,0,0,0
900,264,10,14,0,6,0,2,0,0,0
900,265,10,15,0,0,4,0,0,0,0
900,266,10,16,1,0,1,1,0,0,0
900,267,10,17,0,3,0,4,0,0,0
900,268,10,18,0,20,3,0,0,0,0
900,269,10,19,24,31,1,0,0,0,0
900,270,10,20,0,6,1,0,0,0,0
900,271,10,21,7,14,0,1,0,0,0
900,272,10,22,0,17,2,1,0,0,0
900,273,10,23,0,7,3,1,0,0,0
900,274,10,24,21,0,0,1,0,0,0
900,275,11,0,0,0,1,2,0,0,0
900,276,11,1,0,0,1,1,0,0,0
900,277,11,2,0,5,1,2,0,0,0
900,278,11,3,1,0,2,2,0,0,0
900,279,11,4,0,0,0,1,0,0,0
900,280,11,5,0,3,3,1,0,0,0
900,281,11,6,0,1,0,3,0,0,0
900,282,11,7,0,0,5,1,0,0,0
900,283,11,8,0,0,3,2,0,0,0
900,284,11,9,1,8,0,1,0,0,0
900,285,11,10,0,5,0,1,0,0,0
900,286,11,11,1,0,2,2,0,0,0
900,287,11,12,0,12,5,0,0,0,0
900,288,11,13,3,20,0,0,0,0,0
900,289,11,14,0,0,1,2,0,0,0
900,290,11,15,3,28,0,1,0,0,0
900,291,11,16,3,0,2,1,0,0,0
900,292,11,17,0,0,1,0,0,0,0
900,293,11,18,0,0,0,1,0,0,0
900,294,11,19,0,1,1,2,0,0,0
900,295,11,20,1,16,0,2,0,0,0
900,296,11,21,8,11,0,0,0,0,0
900,297,11,22,17,8,0,0,0,0,0
900,298,11,23,20,0,1,0,0,0,0
900,299,11,24,2,0,1,3,0,0,0
900,300,12,0,0,0,4,1,0,0,0
900,301,12,1,0,0,0,0,0,0,0
900,302,12,2,0,0,2,2,0,0,0
900,303,12,3,0,0,4,1,0,0,0
900,304,12,4,0,0,1,0,0,0,0
900,305,12,5,0,0,1,1,0,0,0
900,306,12,6,1,0,0,2,0,0,0
900,307,12,7,0,6,4,0,0,0,0
900,308,12,8,0,0,0,2,0,0,0
900,309,12,9,0,7,2,0,0,0,0
900,310,12,10,0,0,0,1,0,0,0
900,311,12,11,2,0,1,0,0,0,0
900,312,12,12,1,1,0,1,0,0,0
900,313,12,13,0,0,2,0,0,0,0
900,314,12,14,17,2,0,3,0,0,0
900,315,12,15,2,0,4,2,0,0,0
900,316,12,16,0,0,0,0,0,0,0
900,317,12,17,4,0,0,2,0,0,0
900,318,12,18,0,3,2,1,0,0,0
900,319,12,19,0,13,1,0,0,0,0
900,320,12,20,0,3,1,1,0,0,0
900,321,12,21,4,12,1,1,0,0,0
900,322,12,22,7,5,2,0,0,0,0
900,323,12,23,2,25,3,0,0,0,0
900,324,12,24,0,19,5,2,0,0,0
900,325,13,0,0,0,3,0,0,0,0
900,326,13,1,3,0,3,4,0,0,0
900,327,13,2,0,3,0,0,0,0,0
900,328,13,3,0,0,0,2,0,0,0
900,329,13,4,0,0,2,1,0,0,0
900,330,13,5,0,0,3,3,0,0,0
900,331,13,6,0,0,1,3,0,0,0
900,332,13,7,7,1,1,0,0,0,0
900,333,13,8,0,0,0,3,0,0,0
900,334,13,9,0,2,0,1,0,0,0
900,335,13,10,12,0,2,2,0,0,0
900,336,13,11,2,0,4,1,0,0,0
900,337,13,12,0,0,0,1,0,0,0
900,338,13,13,4,4,1,1,0,0,0
900,339,13,14,14,10,4,2,0,0,0
900,340,13,15,1,17,0,0,0,0,0
900,341,13,16,2,0,2,1,0,0,0
900,342,13,17,5,0,2,1,0,0,0
900,343,13,18,0,0,1,0,0,0,0
900,344,13,19,12,30,0,0,0,0,0
900,345,13,20,0,41,2,0,0,0,0
900,346,13,21,0,13,1,0,0,0,0
900,347,13,22,0,35,0,0,0,0,0
900,348,13,23,20,1,0,0,0,0,0
900,349,13,24,0,0,1,1,0,0,0
900,350,14,0,0,0,4,1,0,0,0
900,351,14,1,6,0,1,0,0,0,0
900,352,14,2,0,6,0,1,0,0,0
900,353,14,3,0,0,2,0,0,0,0
900,354,14,4,1,0,2,2,0,0,0
900,355,14,5,0,2,1,2,0,0,0
900,356,14,6,0,8,1,2,0,0,0
900,357,14,7,0,0,1,3,0,0,0
900,358,14,8,0,0,0,1,0,0,0
900,359,14,9,0,19,2,0,0,0,0
900,360,14,10,15,5,1,4,0,0,0
900,361,14,11,0,0,3,2,0,0,0
900,362,14,12,0,0,1,6,0,0,0
900,363,14,13,2,0,1,0,0,0,0
900,364,14,14,0,0,3,3,0,0,0
900,365,14,15,0,5,0,0,0,0,0
900,366,14,16,0,0,2,2,0,0,0
900,367,14,17,0,0,0,2,0,0,0
900,368,14,18,0,8,0,0,0,0,0
900,369,14,19,0,19,0,2,0,0,0
900,370,14,20,0,17,0,4,0,0,0
900,371,14,21,21,19,3,0,0,0,0
900,372,14,22,9,16,2,0,0,0,0
900,373,14,23,0,0,1,2,0,0,0
900,374,14,24,0,6,0,1,0,0,0
900,375,15,0,0,0,2,1,0,0,0
900,376,15,1,18,5,0,1,0,0,0
900,377,15,2,0,0,2,2,0,0,0
900,378,15,3,0,0,1,1,0,0,0
900,379,15,4,0,5,0,0,0,0,0
900,380,15,5,0,29,1,2,0,0,0
900,381,15,6,0,0,0,0,0,0,0
900,382,15,7,9,0,2,0,0,0,0
900,383,15,8,0,0,1,3,0,0,0
900,384,15,9,0,0,1,1,0,0,0
900,385,15,10,0,28,1,3,0,0,0
900,386,15,11,0,0,1,3,0,0,0
900,387,15,12,19,3,2,2,0,0,0
900,388,15,13,0,0,3,0,0,0,0
900,389,15,14,15,1,1,0,0,0,0
900,390,15,15,0,0,2,0,0,0,0
900,391,15,16,0,8,4,1,0,0,0
900,392,15,17,0,5,0,0,0,0,0
900,393,15,18,3,13,0,2,0,0,0
900,394,15,19,0,19,2,2,0,0,0
900,395,15,20,0,24,3,1,0,0,0
900,396,15,21,0,24,2,0,0,0,0
900,397,15,22,12,12,3,0,0,0,0
900,398,15,23,0,25,0,0,0,0,0
900,399,15,24,28,0,1,2,0,0,0
900,400,16,0,0,0,0,1,0,0,0
900,401,16,1,0,0,0,1,0,0,0
900,402,16,2,7,0,0,2,0,0,0
900,403,16,3,2,0,3,0,0,0,0
900,404,16,4,0,0,2,2,0,0,0
900,405,16,5,0,0,2,2,0,0,0
900,406,16,6,6,2,4,3,0,0,0
900,407,16,7,0,1,0,1,0,0,0
900,408,16,8,0,0,0,3,0,0,0
900,409,16,9,0,0,2,4,0,0,0
900,410,16,10,0,3,2,2,0,0,0
900,411,16,11,0,0,0,3,0,0,0
900,412,16,12,13,13,0,1,0,0,0
900,413,16,13,7,0,0,2,0,0,0
900,414,16,14,12,7,0,0,0,0,0
900,415,16,15,0,0,0,3,0,0,0
900,416,16,16,0,1,1,1,0,0,0
900,417,16,17,0,2,1,1,0,0,0
900,418,16,18,7,16,2,0,0,0,0
900,419,16,19,0,0,1,1,0,0,0
900,420,16,20,0,3,1,1,0,0,0
900,421,16,21,31,7,1,2,0,0,0
900,422,16,22,1,0,1,1,0,0,0
900,423,16,23,24,0,0,2,0,0,0
900,424,16,24,0,2,1,0,0,0,0
900,425,17,0,1,1,0,0,0,0,0
900,426,17,1,0,7,0,1,0,0,0
900,427,17,2,0,3,0,1,0,0,0
900,428,17,3,0,0,0,0,0,0,0
900,429,17,4,0,0,0,2,0,0,0
900,430,17,5,0,0,0,0,0,0,0
900,431,17,6,0,0,2,1,0,0,0
900,432,17,7,0,0,2,1,0,0,0
900,433,17,8,14,13,1,2,0,0,0
900,434,17,9,0,19,0,1,0,0,0
900,435,17,10,0,0,2,1,0,0,0
900,436,17,11,32,2,0,2,0,0,0
900,437,17,12,19,3,1,0,0,0,0
900,438,17,13,2,2,1,2,0,0,0
900,439,17,14,0,5,1,1,0,0,0
900,440,17,15,5,24,0,0,0,0,0
900,441,17,16,0,6,1,0,0,0,0
900,442,17,17,0,8,2,0,0,0,0
900,443,17,18,1,0,3,4,0,0,0
900,444,17,19,5,0,1,1,0,0,0
900,445,17,20,0,17,2,0,0,0,0
900,446,17,21,12,0,0,1,0,0,0
900,447,17,22,18,20,0,0,0,0,0
900,448,17,23,3,8,1,0,0,0,0
900,449,17,24,0,9,0,0,0,0,0
900,450,18,0,0,0,3,2,0,0,0
900,451,18,1,1,0,1,4,0,0,0
900,452,18,2,0,0,3,1,0,0,0
900,453,18,3,0,0,2,3,0,0,0
900,454,18,4,0,6,0,0,0,0,0
900,455,18,5,40,0,0,0,0,0,0
900,456,18,6,0,2,1,3,0,0,0
900,457,18,7,2,2,1,1,0,0,0
900,458,18,8,0,14,1,3,0,0,0
900,459,18,9,0,1,4,0,0,0,0
900,460,18,10,1,0,1,1,0,0,0
900,461,18,11,0,11,1,0,0,0,0
900,462,18,12,0,13,0,1,0,0,0
900,463,18,13,1,24,2,1,0,0,0
900,464,18,14,25,1,3,0,0,0,0
900,465,18,15,0,23,1,1,0,0,0
900,466,18,16,0,4,4,2,0,0,0
900,467,18,17,3,4,3,2,0,0,0
900,468,18,18,0,7,1,1,0,0,0
900,469,18,19,0,0,0,0,0,0,0
900,470,18,20,1,0,3,0,0,0,0
900,471,18,21,7,10,0,1,0,0,0
900,472,18,22,22,19,0,0,0,0,0
900,473,18,23,19,26,0,0,0,0,0
900,474,18,24,2,0,0,2,0,0,0
900,475,19,0,0,0,2,3,0,0,0
900,476,19,1,17,16,0,0,0,0,0
900,477,19,2,11,0,0,2,0,0,0
900,478,19,3,0,0,0,3,0,0,0
900,479,19,4,0,0,0,0,0,0,0
900,480,19,5,0,6,1,3,0,0,0
900,481,19,6,2,2,2,1,0,0,0
900,482,19,7,4,3,0,0,0,0,0
900,483,19,8,0,0,1,0,0,0,0
900,484,19,9,0,11,0,0,0,0,0
900,485,19,10,21,0,2,1,0,0,0
900,486,19,11,34,0,0,2,0,0,0
900,487,19,12,0,0,1,1,0,0,0
900,488,19,13,12,0,2,2,0,0,0
900,489,19,14,0,4,2,0,0,0,0
900,490,19,15,35,11,0,2,0,0,0
900,491,19,16,0,4,0,0,0,0,0
900,492,19,17,0,0,0,1,0,0,0
900,493,19,18,1,4,2,1,0,0,0
900,494,19,19,0,5,1,0,0,0,0
900,495,19,20,2,1,0,1,0,0,0
900,496,19,21,27,0,0,6,0,0,0
900,497,19,22,28,16,0,0,0,0,0
900,498,19,23,32,0,0,1,0,0,0
900,499,19,24,0,19,4,0,0,0,0
900,500,20,0,0,4,2,2,0,0,0
900,501,20,1,11,0,1,2,0,0,0
900,502,20,2,21,1,0,0,0,0,0
900,503,20,3,0,1,3,0,0,0,0
900,504,20,4,2,0,2,1,0,0,0
900,505,20,5,1,5,0,2,0,0,0
900,506,20,6,0,19,2,1,0,0,0
900,507,20,7,6,0,1,5,0,0,0
900,508,20,8,0,0,0,1,0,0,0
900,509,20,9,0,4,1,0,0,0,0
900,510,20,10,2,4,2,1,0,0,0
900,511,20,11,0,17,0,1,0,0,0
900,512,20,12,8,19,0,0,0,0,0
900,513,20,13,0,13,2,0,0,0,0
900,514,20,14,24,10,0,0,0,0,0
900,515,20,15,39,0,1,2,0,0,0
900,516,20,16,1,4,2,0,0,0,0
900,517,20,17,0,22,2,0,0,0,0
900,518,20,18,0,21,2,0,0,0,0
900,519,20,19,22,1,0,1,0,0,0
900,520,20,20,0,24,0,0,0,0,0
900,521,20,21,15,21,1,2,0,0,0
900,522,20,22,12,33,1,0,0,0,0
900,523,20,23,34,29,0,2,0,0,0
900,524,20,24,8,19,1,0,0,0,0
900,525,21,0,2,2,1,1,0,0,0
900,526,21,1,1,0,0,0,0,0,0
900,527,21,2,7,5,5,1,0,0,0
900,528,21,3,5,3,1,0,0,0,0
900,529,21,4,0,0,1,2,0,0,0
900,530,21,5,8,8,1,1,0,0,0
900,531,21,6,6,14,2,0,0,0,0
900,532,21,7,0,19,0,1,0,0,0
900,533,21,8,16,25,0,0,0,0,0
900,534,21,9,1,0,1,2,0,0,0
900,535,21,10,0,0,0,1,0,0,0
900,536,21,11,14,0,1,2,0,0,0
900,537,21,12,0,26,2,0,0,0,0
900,538,21,13,19,1,1,0,0,0,0
900,539,21,14,0,9,2,0,0,0,0
900,540,21,15,1,30,2,0,0,0,0
900,541,21,16,32,15,0,1,0,0,0
900,542,21,17,0,35,1,2,0,0,0
900,543,21,18,17,24,0,0,0,0,0
900,544,21,19,22,38,2,0,0,0,0
900,545,21,20,2,28,1,0,0,0,0
900,546,21,21,5,17,0,1,0,0,0
900,547,21,22,39,5,0,0,0,0,0
900,548,21,23,19,7,1,0,0,0,0
900,549,21,24,22,16,1,2,0,0,0
900,550,22,0,0,0,1,4,0,0,0
900,551,22,1,0,2,4,2,0,0,0
900,552,22,2,3,29,2,1,0,0,0
900,553,22,3,14,0,1,1,0,0,0
900,554,22,4,11,3,0,2,0,0,0
900,555,22,5,16,0,1,2,0,0,0
900,556,22,6,15,0,0,2,0,0,0
900,557,22,7,5,8,2,1,0,0,0
900,558,22,8,38,15,1,0,0,0,0
900,559,22,9,3,1,1,1,0,0,0
900,560,22,10,11,0,0,0,0,0,0
900,561,22,11,1,19,1,1,0,0,0
900,562,22,12,6,45,1,0,0,0,0
900,563,22,13,18,20,1,0,0,0,0
900,564,22,14,14,29,0,1,0,0,0
900,565,22,15,0,10,1,2,0,0,0
900,566,22,16,26,9,3,2,0,0,0
900,567,22,17,28,39,0,2,0,0,0
900,568,22,18,12,24,1,0,0,0,0
900,569,22,19,11,9,1,0,0,0,0
900,570,22,20,0,38,2,1,0,0,0
900,571,22,21,22,16,2,1,0,0,0
900,572,22,22,13,14,1,1,0,0,0
900,573,22,23,50,22,0,2,0,0,0
900,574,22,24,16,16,3,0,0,0,0
900,575,23,0,0,3,0,2,0,0,0
900,576,23,1,20,2,2,2,0,0,0
900,577,23,2,16,0,1,0,0,0,0
900,578,23,3,0,0,0,2,0,0,0
900,579,23,4,4,0,1,1,0,0,0
900,580,23,5,0,16,0,0,0,0,0
900,581,23,6,0,6,1,2,0,0,0
900,582,23,7,22,8,1,2,0,0,0
900,583,23,8,0,27,0,0,0,0,0
900,584,23,9,4,18,2,0,0,0,0
900,585,23,10,25,0,0,1,0,0,0
900,586,23,11,3,0,0,1,0,0,0
900,587,23,12,9,13,2,0,0,0,0
900,588,23,13,16,38,2,0,0,0,0
900,589,23,14,2,28,1,2,0,0,0
900,590,23,15,1,17,1,1,0,0,0
900,591,23,16,11,44,0,0,0,0,0
900,592,23,17,22,7,0,1,0,0,0
900,593,23,18,12,23,3,3,0,0,0
900,594,23,19,2,22,0,0,0,0,0
900,595,23,20,1,24,1,2,0,0,0
900,596,23,21,20,29,2,0,0,0,0
900,597,23,22,37,15,0,0,0,0,0
900,598,23,23,9,32,1,0,0,0,0
900,599,23,24,33,5,0,2,0,0,0
900,600,24,0,0,0,0,0,0,0,0
900,601,24,1,5,0,0,2,0,0,0
900,602,24,2,26,12,1,4,0,0,0
900,603,24,3,0,0,0,2,0,0,0
900,604,24,4,0,0,3,3,0,0,0
900,605,24,5,0,1,1,2,0,0,0
900,606,24,6,3,0,2,1,0,0,0
900,607,24,7,1,12,0,0,0,0,0
900,608,24,8,1,23,1,2,0,0,0
900,609,24,9,0,17,0,0,0,0,0
900,610,24,10,4,0,0,2,0,0,0
900,611,24,11,8,0,0,4,0,0,0
900,612,24,12,3,3,0,0,0,0,0
900,613,24,13,0,4,2,3,0,0,0
900,614,24,14,0,3,2,2,0,0,0
900,615,24,15,1,45,0,0,0,0,0
900,616,24,16,22,18,2,0,0,0,0
900,617,24,17,17,35,1,0,0,0,0
900,618,24,18,24,39,0,0,0,0,0
900,619,24,19,24,23,1,0,0,0,0
900,620,24,20,48,14,1,1,0,0,0
900,621,24,21,25,21,0,1,0,0,0
900,622,24,22,28,17,2,0,0,0,0
900,623,24,23,21,11,0,0,0,0,0
900,624,24,24,0,13,3,0,0,0,0
1000,0,0,0,0,0,3,3,0,0,0
1000,1,0,1,0,0,2,2,0,0,0
1000,2,0,2,0,0,3,0,0,0,0
1000,3,0,3,0,0,1,1,0,0,0
1000,4,0,4,0,0,6,4,0,0,0
1000,5,0,5,0,0,1,0,0,0,0
1000,6,0,6,0,0,4,1,0,0,0
1000,7,0,7,0,0,2,3,0,0,0
1000,8,0,8,0,0,0,2,0,0,0
1000,9,0,9,0,0,4,2,0,0,0
1000,10,0,10,0,0,0,3,0,0,0
1000,11,0,11,0,0,2,1,0,0,0
1000,12,0,12,0,0,1,0,0,0,0
1000,13,0,13,0,0,2,1,0,0,0
1000,14,0,14,0,0,0,4,0,0,0
1000,15,0,15,0,0,3,1,0,0,0
1000,16,0,16,0,0,0,4,0,0,0
1000,17,0,17,0,0,0,1,0,0,0
1000,18,0,18,0,0,1,1,0,0,0
1000,19,0,19,0,0,1,0,0,0,0
1000,20,0,20,0,0,5,0,0,0,0
1000,21,0,21,0,3,1,0,0,0,0
1000,22,0,22,3,0,2,1,0,0,0
1000,23,0,23,0,0,2,2,0,0,0
1000,24,0,24,0,3,1,0,0,0,0
1000,25,1,0,0,0,4,0,0,0,0
1000,26,1,1,0,0,0,0,0,0,0
1000,27,1,2,0,0,3,0,0,0,0
1000,28,1,3,1,0,2,5,0,0,0
1000,29,1,4,0,0,1,3,0,0,0
1000,30,1,5,0,5,2,0,0,0,0
1000,31,1,6,0,11,0,1,0,0,0
1000,32,1,7,0,13,1,0,0,0,0
1000,33,1,8,0,4,2,0,0,0,0
1000,34,1,9,1,20,0,0,0,0,0
1000,35,1,10,0,0,0,1,0,0,0
1000,36,1,11,13,0,0,1,0,0,0
1000,37,1,12,0,6,1,2,0,0,0
1000,38,1,13,0,0,2,0,0,0,0
1000,39,1,14,1,0,3,3,0,0,0
1000,40,1,15,0,0,1,0,0,0,0
1000,41,1,16,0,0,1,3,0,0,0
1000,42,1,17,0,0,0,3,0,0,0
1000,43,1,18,0,0,2,1,0,0,0
1000,44,1,19,21,8,0,2,0,0,0
1000,45,1,20,14,9,2,2,0,0,0
1000,46,1,21,0,23,1,1,0,0,0
1000,47,1,22,0,1,2,2,0,0,0
1000,48,1,23,0,2,4,4,0,0,0
1000,49,1,24,0,1,1,1,0,0,0
1000,50,2,0,0,0,1,1,0,0,0
1000,51,2,1,0,0,2,0,0,0,0
1000,52,2,2,0,0,1,2,0,0,0
1000,53,2,3,0,0,0,4,0,0,0
1000,54,2,4,0,0,2,1,0,0,0
1000,55,2,5,0,0,0,3,0,0,0
1000,56,2,6,0,1,2,1,0,0,0
1000,57,2,7,0,0,3,1,0,0,0
1000,58,2,8,0,0,1,1,0,0,0
1000,59,2,9,3,5,0,2,0,0,0
1000,60,2,10,0,15,4,0,0,0,0
1000,61,2,11,0,1,0,1,0,0,0
1000,62,2,12,25,4,0,0,0,0,0
1000,63,2,13,0,0,0,1,0,0,0
1000,64,2,14,1,0,0,1,0,0,0
1000,65,2,15,6,13,1,1,0,0,0
1000,66,2,16,0,0,2,2,0,0,0
1000,67,2,17,0,0,4,0,0,0,0
1000,68,2,18,3,0,0,3,0,0,0
1000,69,2,19,9,0,0,1,0,0,0
1000,70,2,20,0,0,2,1,0,0,0
1000,71,2,21,0,0,0,2,0,0,0
1000,72,2,22,8,20,1,0,0,0,0
1000,73,2,23,1,4,0,1,0,0,0
1000,74,2,24,0,0,1,0,0,0,0
1000,75,3,0,0,0,2,2,0,0,0
1000,76,3,1,0,0,1,2,0,0,0
1000,77,3,2,0,0,2,2,0,0,0
1000,78,3,3,0,0,3,1,0,0,0
1000,79,3,4,0,0,3,4,0,0,0
1000,80,3,5,0,0,0,1,0,0,0
1000,81,3,6,0,4,3,1,0,0,0
1000,82,3,7,1,0,0,4,0,0,0
1000,83,3,8,0,0,0,2,0,0,0
1000,84,3,9,0,0,0,2,0,0,0
1000,85,3,10,1,0,1,1,0,0,0
1000,86,3,11,0,2,2,1,0,0,0
1000,87,3,12,0,0,2,0,0,0,0
1000,88,3,13,14,0,0,0,0,0,0
1000,89,3,14,0,2,3,0,0,0,0
1000,90,3,15,12,1,1,0,0,0,0
1000,91,3,16,0,0,2,1,0,0,0
1000,92,3,17,9,0,0,0,0,0,0
1000,93,3,18,0,3,0,1,0,0,0
1000,94,3,19,0,0,1,0,0,0,0
1000,95,3,20,4,0,5,2,0,0,0
1000,96,3,21,13,0,1,0,0,0,0
1000,97,3,22,20,5,1,1,0,0,0
1000,98,3,23,0,0,0,1,0,0,0
1000,99,3,24,0,0,1,3,0,0,0
1000,100,4,0,0,0,3,9,0,0,0
1000,101,4,1,0,1,0,3,0,0,0
1000,102,4,2,0,2,1,1,0,0,0
1000,103,4,3,0,1,4,0,0,0,0
1000,104,4,4,0,0,1,0,0,0,0
1000,105,4,5,0,0,0,1,0,0,0
1000,106,4,6,0,0,0,2,0,0,0
1000,107,4,7,6,0,2,2,0,0,0
1000,108,4,8,0,24,3,0,0,0,0
1000,109,4,9,0,0,0,3,0,0,0
1000,110,4,10,6,2,2,0,0,0,0
1000,111,4,11,1,0,0,3,0,0,0
1000,112,4,12,0,9,0,3,0,0,0
1000,113,4,13,0,9,0,0,0,0,0
1000,114,4,14,0,3,4,0,0,0,0
1000,115,4,15,6,0,0,1,0,0,0
1000,116,4,16,0,0,3,0,0,0,0
1000,117,4,17,0,0,2,2,0,0,0
1000,118,4,18,0,5,1,0,0,0,0
1000,119,4,19,3,0,0,2,0,0,0
1000,120,4,20,8,0,0,1,0,0,0
1000,121,4,21,28,1,1,1,0,0,0
1000,122,4,22,4,0,1,2,0,0,0
1000,123,4,23,2,1,3,1,0,0,0
1000,124,4,24,25,0,2,1,0,0,0
1000,125,5,0,0,0,1,4,0,0,0
1000,126,5,1,0,12,2,0,0,0,0
1000,127,5,2,0,0,2,3,0,0,0
1000,128,5,3,0,0,2,2,0,0,0
1000,129,5,4,0,1,4,0,0,0,0
1000,130,5,5,1,0,0,1,0,0,0
1000,131,5,6,0,1,1,1,0,0,0
1000,132,5,7,0,6,2,0,0,0,0
1000,133,5,8,15,10,0,2,0,0,0
1000,134,5,9,0,1,0,1,0,0,0
1000,135,5,10,0,0,2,2,0,0,0
1000,136,5,11,3,1,3,2,0,0,0
1000,137,5,12,0,0,3,3,0,0,0
1000,138,5,13,3,0,0,2,0,0,0
1000,139,5,14,17,0,0,2,0,0,0
1000,140,5,15,1,0,2,2,0,0,0
1000,141,5,16,15,0,0,2,0,0,0
1000,142,5,17,7,0,1,1,0,0,0
1000,143,5,18,0,0,4,1,0,0,0
1000,144,5,19,12,6,0,1,0,0,0
1000,145,5,20,39,0,0,0,0,0,0
1000,146,5,21,13,5,2,4,0,0,0
1000,147,5,22,6,1,2,3,0,0,0
1000,148,5,23,8,0,0,1,0,0,0
1000,149,5,24,14,0,0,1,0,0,0
1000,150,6,0,0,0,1,1,0,0,0
1000,151,6,1,4,0,2,2,0,0,0
1000,152,6,2,0,6,2,0,0,0,0
1000,153,6,3,0,37,1,2,0,0,0
1000,154,6,4,3,0,0,2,0,0,0
1000,155,6,5,0,0,1,3,0,0,0
1000,156,6,6,0,6,3,1,0,0,0
1000,157,6,7,0,0,2,0,0,0,0
1000,158,6,8,0,0,1,0,0,0,0
1000,159,6,9,0,5,3,3,0,0,0
1000,160,6,10,1,2,2,0,0,0,0
1000,161,6,11,15,0,5,0,0,0,0
1000,162,6,12,0,20,2,3,0,0,0
1000,163,6,13,0,0,3,1,0,0,0
1000,164,6,14,0,0,0,1,0,0,0
1000,165,6,15,0,2,1,1,0,0,0
1000,166,6,16,7,6,2,4,0,0,0
1000,167,6,17,32,2,0,2,0,0,0
1000,168,6,18,11,0,2,0,0,0,0
1000,169,6,19,14,1,0,0,0,0,0
1000,170,6,20,19,0,0,4,0,0,0
1000,171,6,21,18,7,0,2,0,0,0
1000,172,6,22,2,31,3,0,0,0,0
1000,173,6,23,2,0,1,0,0,0,0
1000,174,6,24,3,3,0,2,0,0,0
1000,175,7,0,0,0,1,2,0,0,0
1000,176,7,1,2,9,1,1,0,0,0
1000,177,7,2,0,9,4,1,0,0,0
1000,178,7,3,0,0,3,3,0,0,0
1000,179,7,4,1,0,4,4,0,0,0
1000,180,7,5,7,22,0,0,0,0,0
1000,181,7,6,0,0,2,4,0,0,0
1000,182,7,7,0,0,2,2,0,0,0
1000,183,7,8,0,0,4,2,0,0,0
1000,184,7,9,0,0,1,3,0,0,0
1000,185,7,10,1,0,1,0,0,0,0
1000,186,7,11,0,7,0,2,0,0,0
1000,187,7,12,0,4,0,0,0,0,0
1000,188,7,13,0,7,3,1,0,0,0
1000,189,7,14,8,0,1,1,0,0,0
1000,190,7,15,16,2,0,3,0,0,0
1000,191,7,16,2,0,0,1,0,0,0
1000,192,7,17,3,10,4,0,0,0,0
1000,193,7,18,0,17,1,2,0,0,0
1000,194,7,19,0,15,3,0,0,0,0
1000,195,7,20,9,10,1,1,0,0,0
1000,196,7,21,0,5,1,0,0,0,0
1000,197,7,22,1,19,2,1,0,0,0
1000,198,7,23,1,5,0,1,0,0,0
1000,199,7,24,11,0,1,1,0,0,0
1000,200,8,0,0,0,1,1,0,0,0
1000,201,8,1,0,0,1,1,0,0,0
1000,202,8,2,0,0,0,4,0,0,0
1000,203,8,3,15,2,0,0,0,0,0
1000,204,8,4,6,0,3,3,0,0,0
1000,205,8,5,0,0,0,0,0,0,0
1000,206,8,6,0,22,0,0,0,0,0
1000,207,8,7,0,1,1,2,0,0,0
1000,208,8,8,1,2,4,0,0,0,0
1000,209,8,9,3,35,0,3,0,0,0
1000,210,8,10,0,0,1,0,0,0,0
1000,211,8,11,1,0,0,1,0,0,0
1000,212,8,12,3,23,1,1,0,0,0
1000,213,8,13,21,4,1,0,0,0,0
1000,214,8,14,19,0,0,1,0,0,0
1000,215,8,15,7,1,2,0,0,0,0
1000,216,8,16,4,0,2,3,0,0,0
1000,217,8,17,1,2,2,1,0,0,0
1000,218,8,18,2,20,0,0,0,0,0
1000,219,8,19,3,1,0,4,0,0,0
1000,220,8,20,9,1,1,0,0,0,0
1000,221,8,21,13,13,0,0,0,0,0
1000,222,8,22,10,0,0,1,0,0,0
1000,223,8,23,31,3,1,0,0,0,0
1000,224,8,24,0,10,1,0,0,0,0
1000,225,9,0,0,0,1,1,0,0,0
1000,226,9,1,0,0,1,0,0,0,0
1000,227,9,2,0,0,1,2,0,0,0
1000,228,9,3,1,11,1,1,0,0,0
1000,229,9,4,0,0,1,0,0,0,0
1000,230,9,5,7,1,2,2,0,0,0
1000,231,9,6,0,3,0,0,0,0,0
1000,232,9,7,15,0,0,0,0,0,0
1000,233,9,8,0,0,1,1,0,0,0
1000,234,9,9,1,0,3,2,0,0,0
1000,235,9,10,1,10,1,1,0,0,0
1000,236,9,11,2,1,0,2,0,0,0
1000,237,9,12,0,8,3,2,0,0,0
1000,238,9,13,7,12,0,1,0,0,0
1000,239,9,14,0,20,3,0,0,0,0
1000,240,9,15,0,8,0,0,0,0,0
1000,241,9,16,14,13,0,1,0,0,0
1000,242,9,17,0,0,1,2,0,0,0
1000,243,9,18,0,16,3,0,0,0,0
1000,244,9,19,0,0,0,2,0,0,0
1000,245,9,20,0,16,0,1,0,0,0
1000,246,9,21,0,30,2,1,0,0,0
1000,247,9,22,16,2,0,1,0,0,0
1000,248,9,23,1,37,0,1,0,0,0
1000,249,9,24,0,0,1,0,0,0,0
1000,250,10,0,0,0,1,1,0,0,0
1000,251,10,1,0,0,0,2,0,0,0
1000,252,10,2,2,0,1,1,0,0,0
1000,253,10,3,0,0,1,1,0,0,0
1000,254,10,4,0,0,1,3,0,0,0
1000,255,10,5,1,0,1,1,0,0,0
1000,256,10,6,0,0,2,0,0,0,0
1000,257,10,7,23,0,2,1,0,0,0
1000,258,10,8,4,1,3,2,0,0,0
1000,259,10,9,0,11,2,0,0,0,0
1000,260,10,10,0,1,0,1,0,0,0
1000,261,10,11,5,0,0,1,0,0,0
1000,262,10,12,10,0,2,0,0,0,0
1000,263,10,13,2,0,1,1,0,0,0
1000,264,10,14,0,0,2,3,0,0,0
1000,265,10,15,9,8,0,1,0,0,0
1000,266,10,16,1,0,3,3,0,0,0
1000,267,10,17,0,0,1,1,0,0,0
1000,268,10,18,15,2,0,2,0,0,0
1000,269,10,19,0,0,5,1,0,0,0
1000,270,10,20,7,26,1,0,0,0,0
1000,271,10,21,12,18,0,1,0,0,0
1000,272,10,22,34,2,0,5,0,0,0
1000,273,10,23,0,0,2,3,0,0,0
1000,274,10,24,0,22,2,2,0,0,0
1000,275,11,0,0,0,4,1,0,0,0
1000,276,11,1,0,0,1,3,0,0,0
1000,277,11,2,1,0,0,1,0,0,0
1000,278,11,3,0,0,2,5,0,0,0
1000,279,11,4,12,0,0,6,0,0,0
1000,280,11,5,0,22,1,0,0,0,0
1000,281,11,6,13,0,1,0,0,0,0
1000,282,11,7,0,0,0,1,0,0,0
1000,283,11,8,16,0,1,1,0,0,0
1000,284,11,9,0,0,0,0,0,0,0
1000,285,11,10,0,0,1,0,0,0,0
1000,286,11,11,30,0,0,1,0,0,0
1000,287,11,12,3,0,0,0,0,0,0
1000,288,11,13,0,0,1,2,0,0,0
1000,289,11,14,0,0,1,0,0,0,0
1000,290,11,15,16,0,0,2,0,0,0
1000,291,11,16,10,5,2,0,0,0,0
1000,292,11,17,0,21,1,0,0,0,0
1000,293,11,18,7,0,2,2,0,0,0
1000,294,11,19,34,17,2,0,0,0,0
1000,295,11,20,23,11,1,4,0,0,0
1000,296,11,21,1,0,2,3,0,0,0
1000,297,11,22,1,24,3,1,0,0,0
1000,298,11,23,23,0,0,2,0,0,0
1000,299,11,24,0,1,1,0,0,0,0
1000,300,12,0,0,0,4,1,0,0,0
1000,301,12,1,0,2,2,0,0,0,0
1000,302,12,2,0,0,2,1,0,0,0
1000,303,12,3,0,0,2,1,0,0,0
1000,304,12,4,0,1,4,1,0,0,0
1000,305,12,5,2,17,3,0,0,0,0
1000,306,12,6,6,0,0,3,0,0,0
1000,307,12,7,0,0,2,1,0,0,0
1000,308,12,8,0,9,4,0,0,0,0
1000,309,12,9,12,0,0,3,0,0,0
1000,310,12,10,9,17,4,1,0,0,0
1000,311,12,11,16,0,1,1,0,0,0
1000,312,12,12,19,10,1,4,0,0,0
1000,313,12,13,16,2,0,2,0,0,0
1000,314,12,14,10,0,0,1,0,0,0
1000,315,12,15,6,0,4,1,0,0,0
1000,316,12,16,19,0,2,1,0,0,0
1000,317,12,17,9,0,0,1,0,0,0
1000,318,12,18,0,0,1,1,0,0,0
1000,319,12,19,9,17,0,1,0,0,0
1000,320,12,20,0,0,0,3,0,0,0
1000,321,12,21,25,3,1,0,0,0,0
1000,322,12,22,11,19,1,1,0,0,0
1000,323,12,23,12,0,1,2,0,0,0
1000,324,12,24,1,11,0,4,0,0,0
1000,325,13,0,0,1,2,3,0,0,0
1000,326,13,1,4,0,2,2,0,0,0
1000,327,13,2,10,14,0,0,0,0,0
1000,328,13,3,32,0,1,0,0,0,0
1000,329,13,4,7,9,0,0,0,0,0
1000,330,13,5,0,0,2,1,0,0,0
1000,331,13,6,0,20,0,0,0,0,0
1000,332,13,7,0,0,0,2,0,0,0
1000,333,13,8,0,0,1,3,0,0,0
1000,334,13,9,2,0,0,1,0,0,0
1000,335,13,10,1,0,1,0,0,0,0
1000,336,13,11,0,0,1,4,0,0,0
1000,337,13,12,0,0,1,0,0,0,0
1000,338,13,13,2,2,0,0,0,0,0
1000,339,13,14,28,0,0,2,0,0,0
1000,340,13,15,0,5,1,0,0,0,0
1000,341,13,16,8,4,1,1,0,0,0
1000,342,13,17,0,30,2,0,0,0,0
1000,343,13,18,4,8,1,0,0,0,0
1000,344,13,19,1,0,0,1,0,0,0
1000,345,13,20,0,3,2,0,0,0,0
1000,346,13,21,23,8,1,0,0,0,0
1000,347,13,22,30,20,1,1,0,0,0
1000,348,13,23,0,30,0,2,0,0,0
1000,349,13,24,6,21,0,1,0,0,0
1000,350,14,0,0,0,0,1,0,0,0
1000,351,14,1,10,0,0,2,0,0,0
1000,352,14,2,1,0,0,0,0,0,0
1000,353,14,3,0,0,0,1,0,0,0
1000,354,14,4,0,12,1,2,0,0,0
1000,355,14,5,0,0,1,1,0,0,0
1000,356,14,6,1,0,0,1,0,0,0
1000,357,14,7,0,1,0,1,0,0,0
1000,358,14,8,21,0,0,1,0,0,0
1000,359,14,9,6,0,5,0,0,0,0
1000,360,14,10,5,0,0,1,0,0,0
1000,361,14,11,0,0,7,1,0,0,0
1000,362,14,12,21,1,1,1,0,0,0
1000,363,14,13,9,0,1,0,0,0,0
1000,364,14,14,0,5,1,0,0,0,0
1000,365,14,15,0,24,0,0,0,0,0
1000,366,14,16,1,0,0,3,0,0,0
1000,367,14,17,8,0,0,1,0,0,0
1000,368,14,18,0,21,1,1,0,0,0
1000,369,14,19,14,0,2,1,0,0,0
1000,370,14,20,10,0,2,3,0,0,0
1000,371,14,21,2,4,0,2,0,0,0
1000,372,14,22,20,7,0,0,0,0,0
1000,373,14,23,21,15,0,0,0,0,0
1000,374,14,24,0,1,2,2,0,0,0
1000,375,15,0,0,0,0,3,0,0,0
1000,376,15,1,1,4,0,1,0,0,0
1000,377,15,2,10,0,1,1,0,0,0
1000,378,15,3,2,3,3,2,0,0,0
1000,379,15,4,0,0,2,3,0,0,0
1000,380,15,5,3,0,0,1,0,0,0
1000,381,15,6,8,9,3,0,0,0,0
1000,382,15,7,7,1,1,0,0,0,0
1000,383,15,8,3,5,0,1,0,0,0
1000,384,15,9,27,0,0,0,0,0,0
1000,385,15,10,21,0,0,5,0,0,0
1000,386,15,11,21,0,0,1,0,0,0
1000,387,15,12,28,0,2,2,0,0,0
1000,388,15,13,1,0,3,2,0,0,0
1000,389,15,14,0,3,1,2,0,0,0
1000,390,15,15,0,4,2,4,0,0,0
1000,391,15,16,18,0,1,2,0,0,0
1000,392,15,17,20,23,0,1,0,0,0
1000,393,15,18,2,20,0,0,0,0,0
1000,394,15,19,14,3,0,0,0,0,0
1000,395,15,20,3,20,2,1,0,0,0
1000,396,15,21,3,2,0,0,0,0,0
1000,397,15,22,39,19,0,0,0,0,0
1000,398,15,23,19,21,0,1,0,0,0
1000,399,15,24,34,20,0,1,0,0,0
1000,400,16,0,0,0,0,2,0,0,0
1000,401,16,1,0,0,1,0,0,0,0
1000,402,16,2,27,16,0,0,0,0,0
1000,403,16,3,21,0,2,1,0,0,0
1000,404,16,4,25,0,1,1,0,0,0
1000,405,16,5,0,0,2,1,0,0,0
1000,406,16,6,20,0,2,1,0,0,0
1000,407,16,7,35,0,0,4,0,0,0
1000,408,16,8,0,0,1,4,0,0,0
1000,409,16,9,0,6,3,1,0,0,0
1000,410,16,10,3,2,2,2,0,0,0
1000,411,16,11,15,0,0,0,0,0,0
1000,412,16,12,0,0,2,0,0,0,0
1000,413,16,13,37,3,1,0,0,0,0
1000,414,16,14,7,10,1,0,0,0,0
1000,415,16,15,0,6,1,2,0,0,0
1000,416,16,16,0,13,0,0,0,0,0
1000,417,16,17,6,13,4,1,0,0,0
1000,418,16,18,1,25,1,2,0,0,0
1000,419,16,19,31,35,4,1,0,0,0
1000,420,16,20,0,6,1,1,0,0,0
1000,421,16,21,0,5,0,1,0,0,0
1000,422,16,22,1,23,1,1,0,0,0
1000,423,16,23,20,0,2,0,0,0,0
1000,424,16,24,20,20,1,1,0,0,0
1000,425,17,0,0,0,1,2,0,0,0
1000,426,17,1,35,31,0,0,0,0,0
1000,427,17,2,12,14,0,2,0,0,0
1000,428,17,3,0,0,6,0,0,0,0
1000,429,17,4,0,0,1,0,0,0,0
1000,430,17,5,8,0,2,3,0,0,0
1000,431,17,6,0,0,0,3,0,0,0
1000,432,17,7,5,0,1,0,0,0,0
1000,433,17,8,0,0,2,0,0,0,0
1000,434,17,9,20,0,0,1,0,0,0
1000,435,17,10,1,0,0,2,0,0,0
1000,436,17,11,3,9,0,0,0,0,0
1000,437,17,12,24,16,0,0,0,0,0
1000,438,17,13,32,0,0,0,0,0,0
1000,439,17,14,7,0,2,5,0,0,0
1000,440,17,15,0,0,2,0,0,0,0
1000,441,17,16,20,18,2,2,0,0,0
1000,442,17,17,8,28,2,1,0,0,0
1000,443,17,18,36,4,0,3,0,0,0
1000,444,17,19,13,0,2,0,0,0,0
1000,445,17,20,1,3,2,2,0,0,0
1000,446,17,21,27,22,1,0,0,0,0
1000,447,17,22,0,11,0,4,0,0,0
1000,448,17,23,0,18,1,1,0,0,0
1000,449,17,24,0,19,1,1,0,0,0
1000,450,18,0,0,3,1,1,0,0,0
1000,451,18,1,7,3,0,1,0,0,0
1000,452,18,2,0,1,6,0,0,0,0
1000,453,18,3,1,1,2,1,0,0,0
1000,454,18,4,5,0,0,0,0,0,0
1000,455,18,5,25,0,1,1,0,0,0
1000,456,18,6,10,1,1,1,0,0,0
1000,457,18,7,5,0,0,1,0,0,0
1000,458,18,8,4,0,0,3,0,0,0
1000,459,18,9,10,0,0,3,0,0,0
1000,460,18,10,0,36,1,0,0,0,0
1000,461,18,11,0,0,3,2,0,0,0
1000,462,18,12,0,10,7,0,0,0,0
1000,463,18,13,2,1,1,2,0,0,0
1000,464,18,14,7,1,3,0,0,0,0
1000,465,18,15,7,10,1,0,0,0,0
1000,466,18,16,4,3,1,1,0,0,0
1000,467,18,17,0,30,4,1,0,0,0
1000,468,18,18,19,30,0,0,0,0,0
1000,469,18,19,0,19,0,2,0,0,0
1000,470,18,20,0,41,0,0,0,0,0
1000,471,18,21,16,24,0,2,0,0,0
1000,472,18,22,0,41,1,0,0,0,0
1000,473,18,23,0,14,1,3,0,0,0
1000,474,18,24,8,28,0,1,0,0,0
1000,475,19,0,0,0,1,6,0,0,0
1000,476,19,1,2,0,2,2,0,0,0
1000,477,19,2,1,0,0,0,0,0,0
1000,478,19,3,0,0,3,1,0,0,0
1000,479,19,4,0,2,4,1,0,0,0
1000,480,19,5,0,3,1,1,0,0,0
1000,481,19,6,6,5,1,2,0,0,0
1000,482,19,7,4,0,2,0,0,0,0
1000,483,19,8,0,3,1,1,0,0,0
1000,484,19,9,18,1,0,0,0,0,0
1000,485,19,10,20,1,0,0,0,0,0
1000,486,19,11,0,6,1,1,0,0,0
1000,487,19,12,4,20,1,0,0,0,0
1000,488,19,13,11,21,1,0,0,0,0
1000,489,19,14,13,28,0,1,0,0,0
1000,490,19,15,20,0,3,1,0,0,0
1000,491,19,16,2,0,1,3,0,0,0
1000,492,19,17,0,10,1,0,0,0,0
1000,493,19,18,20,0,0,3,0,0,0
1000,494,19,19,0,26,3,0,0,0,0
1000,495,19,20,0,2,0,3,0,0,0
1000,496,19,21,2,38,1,1,0,0,0
1000,497,19,22,22,27,0,2,0,0,0
1000,498,19,23,38,26,0,2,0,0,0
1000,499,19,24,0,37,2,0,0,0,0
1000,500,20,0,0,0,4,2,0,0,0
1000,501,20,1,1,29,1,0,0,0,0
1000,502,20,2,0,1,0,0,0,0,0
1000,503,20,3,1,1,1,2,0,0,0
1000,504,20,4,2,0,4,1,0,0,0
1000,505,20,5,10,3,1,2,0,0,0
1000,506,20,6,23,0,0,3,0,0,0
1000,507,20,7,14,0,1,0,0,0,0
1000,508,20,8,33,0,0,2,0,0,0
1000,509,20,9,22,0,1,1,0,0,0
1000,510,20,10,25,11,0,0,0,0,0
1000,511,20,11,0,20,0,0,0,0,0
1000,512,20,12,0,24,2,0,0,0,0
1000,513,20,13,0,36,1,0,0,0,0
1000,514,20,14,1,8,1,0,0,0,0
1000,515,20,15,30,25,1,1,0,0,0
1000,516,20,16,18,0,3,0,0,0,0
1000,517,20,17,0,25,1,1,0,0,0
1000,518,20,18,22,34,0,3,0,0,0
1000,519,20,19,4,3,0,2,0,0,0
1000,520,20,20,8,32,2,0,0,0,0
1000,521,20,21,0,33,2,0,0,0,0
1000,522,20,22,15,24,0,2,0,0,0
1000,523,20,23,1,19,0,0,0,0,0
1000,524,20,24,23,20,0,1,0,0,0
1000,525,21,0,1,1,0,0,0,0,0
1000,526,21,1,0,1,0,3,0,0,0
1000,527,21,2,1,0,1,1,0,0,0
1000,528,21,3,0,0,0,1,0,0,0
1000,529,21,4,19,0,0,1,0,0,0
1000,530,21,5,0,3,2,0,0,0,0
1000,531,21,6,0,0,5,0,0,0,0
1000,532,21,7,0,0,2,3,0,0,0
1000,533,21,8,15,0,0,0,0,0,0
1000,534,21,9,0,0,2,0,0,0,0
1000,535,21,10,0,6,3,4,0,0,0
1000,536,21,11,1,0,0,2,0,0,0
1000,537,21,12,0,18,2,3,0,0,0
1000,538,21,13,4,14,1,4,0,0,0
1000,539,21,14,23,35,0,0,0,0,0
1000,540,21,15,1,2,0,1,0,0,0
1000,541,21,16,10,47,1,0,0,0,0
1000,542,21,17,2,5,0,1,0,0,0
1000,543,21,18,0,33,1,2,0,0,0
1000,544,21,19,14,31,1,0,0,0,0
1000,545,21,20,6,30,0,0,0,0,0
1000,546,21,21,4,28,3,0,0,0,0
1000,547,21,22,8,33,1,0,0,0,0
1000,548,21,23,8,24,1,3,0,0,0
1000,549,21,24,1,15,0,0,0,0,0
1000,550,22,0,0,0,0,0,0,0,0
1000,551,22,1,16,0,1,3,0,0,0
1000,552,22,2,1,6,3,2,0,0,0
1000,553,22,3,9,1,1,1,0,0,0
1000,554,22,4,19,1,0,0,0,0,0
1000,555,22,5,17,0,0,1,0,0,0
1000,556,22,6,9,0,0,0,0,0,0
1000,557,22,7,13,18,2,2,0,0,0
1000,558,22,8,18,30,0,0,0,0,0
1000,559,22,9,0,0,0,1,0,0,0
1000,560,22,10,29,17,2,0,0,0,0
1000,561,22,11,31,29,1,0,0,0,0
1000,562,22,12,21,30,0,0,0,0,0
1000,563,22,13,1,16,0,1,0,0,0
1000,564,22,14,23,44,0,0,0,0,0
1000,565,22,15,3,15,2,0,0,0,0
1000,566,22,16,1,12,1,0,0,0,0
1000,567,22,17,3,4,1,0,0,0,0
1000,568,22,18,38,1,0,2,0,0,0
1000,569,22,19,26,8,0,0,0,0,0
1000,570,22,20,34,6,0,2,0,0,0
1000,571,22,21,25,0,0,0,0,0,0
1000,572,22,22,40,23,2,0,0,0,0
1000,573,22,23,37,21,0,0,0,0,0
1000,574,22,24,10,25,0,2,0,0,0
1000,575,23,0,0,0,4,1,0,0,0
1000,576,23,1,0,24,1,1,0,0,0
1000,577,23,2,7,24,0,0,0,0,0
1000,578,23,3,1,16,1,0,0,0,0
1000,579,23,4,14,0,3,2,0,0,0
1000,580,23,5,0,0,0,1,0,0,0
1000,581,23,6,1,2,1,0,0,0,0
1000,582,23,7,3,2,0,0,0,0,0
1000,583,23,8,14,1,1,2,0,0,0
1000,584,23,9,0,0,2,1,0,0,0
1000,585,23,10,1,3,4,2,0,0,0
1000,586,23,11,1,16,2,1,0,0,0
1000,587,23,12,7,27,4,1,0,0,0
1000,588,23,13,16,26,0,0,0,0,0
1000,589,23,14,0,3,0,2,0,0,0
1000,590,23,15,13,7,2,2,0,0,0
1000,591,23,16,0,27,2,1,0,0,0
1000,592,23,17,38,34,0,0,0,0,0
1000,593,23,18,0,13,0,1,0,0,0
1000,594,23,19,1,4,2,0,0,0,0
1000,595,23,20,11,28,2,2,0,0,0
1000,596,23,21,3,12,5,1,0,0,0
1000,597,23,22,19,27,0,0,0,0,0
1000,598,23,23,5,27,0,1,0,0,0
1000,599,23,24,21,1,0,0,0,0,0
1000,600,24,0,3,0,0,2,0,0,0
1000,601,24,1,0,0,1,0,0,0,0
1000,602,24,2,0,9,2,0,0,0,0
1000,603,24,3,0,1,1,0,0,0,0
1000,604,24,4,0,0,0,2,0,0,0
1000,605,24,5,0,0,1,1,0,0,0
1000,606,24,6,14,0,1,0,0,0,0
1000,607,24,7,0,0,0,0,0,0,0
1000,608,24,8,0,1,2,1,0,0,0
1000,609,24,9,25,1,0,1,0,0,0
1000,610,24,10,0,22,0,0,0,0,0
1000,611,24,11,0,26,1,0,0,0,0
1000,612,24,12,31,11,1,0,0,0,0
1000,613,24,13,1,8,2,3,0,0,0
1000,614,24,14,1,0,0,0,0,0,0
1000,615,24,15,23,6,1,3,0,0,0
1000,616,24,16,1,0,2,1,0,0,0
1000,617,24,17,4,37,3,0,0,0,0
1000,618,24,18,0,0,1,4,0,0,0
1000,619,24,19,1,23,1,0,0,0,0
1000,620,24,20,23,3,0,0,0,0,0
1000,621,24,21,2,1,0,3,0,0,0
1000,622,24,22,3,20,0,1,0,0,0
1000,623,24,23,4,12,2,1,0,0,0
1000,624,24,24,0,19,1,1,0,0,0
